1,1960,5
1,1874,5
1,1846,5
1,1743,5
1,1888,5
1,2042,5
1,1826,5
1,1941,5
1,1861,5
1,1724,5
1,1686,5
1,1903,5
1,1989,5
1,2079,5
1,2002,5
1,1895,5
1,2030,5
1,1682,5
1,1867,5
1,2062,5
1,1790,5
1,1754,5
1,1927,5
1,1645,5
1,2057,5
1,1667,5
1,1671,5
1,1881,5
1,1851,5
1,2068,5
1,2013,5
1,1835,5
1,1771,5
1,1749,5
1,2046,5
1,2101,5
1,1953,5
1,1728,5
1,2143,5
1,1783,5
1,2038,5
1,1777,5
1,1947,5
1,2023,5
1,1705,5
1,2151,5
1,1638,5
1,1684,5
1,1983,5
1,1910,5
1,1922,5
1,2072,5
1,1647,5
1,1966,5
1,2125,5
1,2008,5
1,1858,5
1,2084,5
1,1974,5
1,2096,5
1,1762,5
1,1766,5
1,1664,5
1,2119,5
1,1640,5
1,1636,5
1,1830,5
1,1914,5
1,1994,5
1,2111,5
1,1703,5
1,1934,5
1,1733,5
1,1680,5
1,2106,5
1,1722,5
1,1707,5
1,2051,5
1,2089,5
1,2018,5
1,1815,5
1,2132,5
2,1960,5
2,1874,5
2,1846,5
2,1743,5
2,1888,5
2,2042,5
2,1826,5
2,1941,5
2,1861,5
2,1724,5
2,1686,5
2,1903,5
2,1989,5
2,2079,5
2,2002,5
2,1895,5
2,2030,5
2,1682,5
2,1867,5
2,2062,5
2,1790,5
2,1754,5
2,1927,5
2,1645,5
2,2057,5
2,1667,5
2,1671,5
2,1881,5
2,1851,5
2,2068,5
2,2013,5
2,1835,5
2,1771,5
2,1749,5
2,2046,5
2,2101,5
2,1953,5
2,1728,5
2,2143,5
2,1783,5
2,2038,5
2,1777,5
2,1947,5
2,2023,5
2,1705,5
2,2151,5
2,1638,5
2,1684,5
2,1983,5
2,1910,5
2,1922,5
2,2072,5
2,1647,5
2,1966,5
2,2125,5
2,2008,5
2,1858,5
2,2084,5
2,1974,5
3,1960,5
3,1874,5
3,1846,5
3,1743,5
3,1888,5
3,2042,5
3,1826,5
3,1941,5
3,1861,5
3,1724,5
3,1686,5
3,1903,5
3,1989,5
3,2079,5
3,2002,5
3,1895,5
3,2030,5
3,1682,5
3,1867,5
3,2062,5
3,1790,5
3,1754,5
3,1927,5
3,1645,5
3,2057,5
3,1667,5
3,1671,5
3,1881,5
3,1851,5
3,2068,5
3,2013,5
3,1835,5
3,1771,5
3,1749,5
3,2046,5
3,2101,5
4,1960,5
4,1874,5
4,1846,5
4,1743,5
4,1888,5
4,2042,5
4,1826,5
4,1941,5
4,1861,5
4,1724,5
4,1686,5
4,1903,5
4,1989,5
4,2079,5
4,2002,5
4,1895,5
4,2030,5
4,1682,5
4,1867,5
4,2062,5
4,1790,5
4,1754,5
4,1927,5
4,1645,5
4,2057,5
4,1667,5
4,1671,5
4,1881,5
4,1851,5
4,2068,5
4,2013,5
4,1835,5
4,1771,5
4,1749,5
4,2046,5
4,2101,5
4,1953,5
4,1728,5
4,2143,5
4,1783,5
4,2038,5
4,1777,5
4,1947,5
4,2023,5
4,1705,5
4,2151,5
4,1638,5
4,1684,5
4,1983,5
4,1910,5
4,1922,5
4,2072,5
4,1647,5
4,1966,5
4,2125,5
4,2008,5
4,1858,5
4,2084,5
5,1960,5
5,1874,5
5,1846,5
5,1743,5
5,1888,5
5,2042,5
5,1826,5
5,1941,5
5,1861,5
5,1724,5
5,1686,5
5,1903,5
5,1989,5
5,2079,5
5,2002,5
5,1895,5
5,2030,5
5,1682,5
5,1867,5
5,2062,5
5,1790,5
5,1754,5
5,1927,5
5,1645,5
5,2057,5
5,1667,5
5,1671,5
5,1881,5
5,1851,5
5,2068,5
5,2013,5
5,1835,5
5,1771,5
5,1749,5
5,2046,5
5,2101,5
5,1953,5
5,1728,5
5,2143,5
5,1783,5
5,2038,5
5,1777,5
5,1947,5
5,2023,5
5,1705,5
5,2151,5
5,1638,5
5,1684,5
5,1983,5
5,1910,5
5,1922,5
5,2072,5
5,1647,5
5,1966,5
5,2125,5
5,2008,5
5,1858,5
5,2084,5
5,1974,5
5,2096,5
5,1762,5
5,1766,5
5,1664,5
5,2119,5
5,1640,5
5,1636,5
6,1960,5
6,1874,5
6,1846,5
6,1743,5
6,1888,5
6,2042,5
6,1826,5
6,1941,5
6,1861,5
6,1724,5
6,1686,5
6,1903,5
6,1989,5
6,2079,5
6,2002,5
6,1895,5
6,2030,5
6,1682,5
6,1867,5
6,2062,5
6,1790,5
6,1754,5
6,1927,5
6,1645,5
6,2057,5
6,1667,5
6,1671,5
6,1881,5
6,1851,5
6,2068,5
6,2013,5
6,1835,5
6,1771,5
6,1749,5
6,2046,5
6,2101,5
6,1953,5
6,1728,5
6,2143,5
6,1783,5
6,2038,5
6,1777,5
6,1947,5
6,2023,5
6,1705,5
6,2151,5
6,1638,5
6,1684,5
6,1983,5
6,1910,5
6,1922,5
6,2072,5
6,1647,5
6,1966,5
6,2125,5
6,2008,5
6,1858,5
6,2084,5
7,1960,5
7,1874,5
7,1846,5
7,1743,5
7,1888,5
7,2042,5
7,1826,5
7,1941,5
7,1861,5
7,1724,5
7,1686,5
7,1903,5
7,1989,5
7,2079,5
7,2002,5
7,1895,5
7,2030,5
7,1682,5
7,1867,5
7,2062,5
7,1790,5
7,1754,5
7,1927,5
7,1645,5
7,2057,5
7,1667,5
7,1671,5
7,1881,5
7,1851,5
7,2068,5
7,2013,5
7,1835,5
7,1771,5
7,1749,5
7,2046,5
7,2101,5
7,1953,5
7,1728,5
7,2143,5
7,1783,5
7,2038,5
7,1777,5
7,1947,5
7,2023,5
7,1705,5
7,2151,5
7,1638,5
7,1684,5
7,1983,5
7,1910,5
7,1922,5
7,2072,5
7,1647,5
7,1966,5
7,2125,5
7,2008,5
7,1858,5
7,2084,5
7,1974,5
7,2096,5
7,1762,5
7,1766,5
7,1664,5
7,2119,5
7,1640,5
7,1636,5
8,1960,5
8,1874,5
8,1846,5
8,1743,5
8,1888,5
8,2042,5
8,1826,5
8,1941,5
8,1861,5
8,1724,5
8,1686,5
8,1903,5
8,1989,5
8,2079,5
8,2002,5
8,1895,5
8,2030,5
8,1682,5
8,1867,5
8,2062,5
8,1790,5
8,1754,5
8,1927,5
8,1645,5
8,2057,5
8,1667,5
8,1671,5
8,1881,5
8,1851,5
8,2068,5
8,2013,5
8,1835,5
8,1771,5
8,1749,5
8,2046,5
8,2101,5
8,1953,5
8,1728,5
8,2143,5
8,1783,5
8,2038,5
8,1777,5
8,1947,5
8,2023,5
8,1705,5
8,2151,5
8,1638,5
8,1684,5
8,1983,5
8,1910,5
8,1922,5
8,2072,5
8,1647,5
8,1966,5
8,2125,5
8,2008,5
8,1858,5
8,2084,5
8,1974,5
8,2096,5
8,1762,5
8,1766,5
8,1664,5
8,2119,5
8,1640,5
8,1636,5
8,1830,5
8,1914,5
8,1994,5
8,2111,5
8,1703,5
8,1934,5
8,1733,5
8,1680,5
8,2106,5
9,1960,5
9,1874,5
9,1846,5
9,1743,5
9,1888,5
9,2042,5
9,1826,5
9,1941,5
9,1861,5
9,1724,5
9,1686,5
9,1903,5
9,1989,5
9,2079,5
9,2002,5
9,1895,5
9,2030,5
9,1682,5
9,1867,5
9,2062,5
9,1790,5
9,1754,5
9,1927,5
9,1645,5
9,2057,5
9,1667,5
9,1671,5
9,1881,5
9,1851,5
9,2068,5
9,2013,5
9,1835,5
9,1771,5
9,1749,5
9,2046,5
9,2101,5
9,1953,5
9,1728,5
9,2143,5
9,1783,5
9,2038,5
9,1777,5
9,1947,5
9,2023,5
9,1705,5
9,2151,5
9,1638,5
9,1684,5
9,1983,5
9,1910,5
9,1922,5
10,1960,5
10,1874,5
10,1846,5
10,1743,5
10,1888,5
10,2042,5
10,1826,5
10,1941,5
10,1861,5
10,1724,5
10,1686,5
10,1903,5
10,1989,5
10,2079,5
10,2002,5
10,1895,5
10,2030,5
10,1682,5
10,1867,5
10,2062,5
10,1790,5
10,1754,5
10,1927,5
10,1645,5
10,2057,5
10,1667,5
10,1671,5
10,1881,5
10,1851,5
10,2068,5
10,2013,5
10,1835,5
10,1771,5
10,1749,5
10,2046,5
10,2101,5
10,1953,5
10,1728,5
10,2143,5
10,1783,5
10,2038,5
10,1777,5
10,1947,5
10,2023,5
10,1705,5
10,2151,5
10,1638,5
10,1684,5
10,1983,5
10,1910,5
10,1922,5
10,2072,5
10,1647,5
10,1966,5
10,2125,5
10,2008,5
11,1960,5
11,1874,5
11,1846,5
11,1743,5
11,1888,5
11,2042,5
11,1826,5
11,1941,5
11,1861,5
11,1724,5
11,1686,5
11,1903,5
11,1989,5
11,2079,5
11,2002,5
11,1895,5
11,2030,5
11,1682,5
11,1867,5
11,2062,5
11,1790,5
11,1754,5
11,1927,5
11,1645,5
11,2057,5
11,1667,5
11,1671,5
11,1881,5
11,1851,5
11,2068,5
11,2013,5
11,1835,5
11,1771,5
11,1749,5
11,2046,5
11,2101,5
11,1953,5
11,1728,5
11,2143,5
11,1783,5
11,2038,5
11,1777,5
11,1947,5
12,1960,5
12,1874,5
12,1846,5
12,1743,5
12,1888,5
12,2042,5
12,1826,5
12,1941,5
12,1861,5
12,1724,5
12,1686,5
12,1903,5
12,1989,5
12,2079,5
12,2002,5
12,1895,5
12,2030,5
12,1682,5
12,1867,5
12,2062,5
12,1790,5
12,1754,5
12,1927,5
12,1645,5
12,2057,5
12,1667,5
12,1671,5
12,1881,5
12,1851,5
12,2068,5
12,2013,5
12,1835,5
12,1771,5
12,1749,5
12,2046,5
12,2101,5
12,1953,5
12,1728,5
12,2143,5
12,1783,5
12,2038,5
12,1777,5
12,1947,5
12,2023,5
12,1705,5
13,1960,5
13,1874,5
13,1846,5
13,1743,5
13,1888,5
13,2042,5
13,1826,5
13,1941,5
13,1861,5
13,1724,5
13,1686,5
13,1903,5
13,1989,5
13,2079,5
13,2002,5
13,1895,5
13,2030,5
13,1682,5
13,1867,5
13,2062,5
13,1790,5
13,1754,5
13,1927,5
13,1645,5
13,2057,5
13,1667,5
13,1671,5
13,1881,5
13,1851,5
13,2068,5
13,2013,5
13,1835,5
13,1771,5
13,1749,5
13,2046,5
13,2101,5
13,1953,5
13,1728,5
13,2143,5
13,1783,5
13,2038,5
13,1777,5
13,1947,5
13,2023,5
13,1705,5
13,2151,5
13,1638,5
13,1684,5
13,1983,5
13,1910,5
13,1922,5
13,2072,5
13,1647,5
13,1966,5
13,2125,5
13,2008,5
13,1858,5
13,2084,5
13,1974,5
13,2096,5
13,1762,5
13,1766,5
13,1664,5
13,2119,5
13,1640,5
13,1636,5
13,1830,5
13,1914,5
13,1994,5
14,1960,5
14,1874,5
14,1846,5
14,1743,5
14,1888,5
14,2042,5
14,1826,5
14,1941,5
14,1861,5
14,1724,5
14,1686,5
14,1903,5
14,1989,5
14,2079,5
14,2002,5
14,1895,5
14,2030,5
14,1682,5
14,1867,5
14,2062,5
14,1790,5
14,1754,5
14,1927,5
14,1645,5
14,2057,5
14,1667,5
14,1671,5
14,1881,5
14,1851,5
14,2068,5
14,2013,5
14,1835,5
14,1771,5
14,1749,5
14,2046,5
14,2101,5
14,1953,5
14,1728,5
15,1960,5
15,1874,5
15,1846,5
15,1743,5
15,1888,5
15,2042,5
15,1826,5
15,1941,5
15,1861,5
15,1724,5
15,1686,5
15,1903,5
15,1989,5
15,2079,5
15,2002,5
15,1895,5
15,2030,5
15,1682,5
15,1867,5
15,2062,5
15,1790,5
15,1754,5
15,1927,5
15,1645,5
15,2057,5
15,1667,5
15,1671,5
15,1881,5
15,1851,5
15,2068,5
15,2013,5
15,1835,5
15,1771,5
15,1749,5
15,2046,5
15,2101,5
15,1953,5
15,1728,5
15,2143,5
15,1783,5
15,2038,5
15,1777,5
15,1947,5
15,2023,5
15,1705,5
15,2151,5
16,1960,5
16,1874,5
16,1846,5
16,1743,5
16,1888,5
16,2042,5
16,1826,5
16,1941,5
16,1861,5
16,1724,5
16,1686,5
16,1903,5
16,1989,5
16,2079,5
16,2002,5
16,1895,5
16,2030,5
16,1682,5
16,1867,5
16,2062,5
16,1790,5
16,1754,5
16,1927,5
16,1645,5
16,2057,5
16,1667,5
16,1671,5
16,1881,5
16,1851,5
16,2068,5
16,2013,5
16,1835,5
16,1771,5
16,1749,5
16,2046,5
16,2101,5
16,1953,5
16,1728,5
16,2143,5
16,1783,5
16,2038,5
16,1777,5
16,1947,5
16,2023,5
16,1705,5
16,2151,5
16,1638,5
16,1684,5
16,1983,5
16,1910,5
16,1922,5
16,2072,5
16,1647,5
16,1966,5
16,2125,5
16,2008,5
16,1858,5
16,2084,5
16,1974,5
16,2096,5
16,1762,5
16,1766,5
16,1664,5
16,2119,5
16,1640,5
16,1636,5
16,1830,5
16,1914,5
16,1994,5
16,2111,5
17,1960,5
17,1874,5
17,1846,5
17,1743,5
17,1888,5
17,2042,5
17,1826,5
17,1941,5
17,1861,5
17,1724,5
17,1686,5
17,1903,5
17,1989,5
17,2079,5
17,2002,5
17,1895,5
17,2030,5
17,1682,5
17,1867,5
17,2062,5
17,1790,5
17,1754,5
17,1927,5
17,1645,5
17,2057,5
17,1667,5
17,1671,5
17,1881,5
17,1851,5
17,2068,5
17,2013,5
17,1835,5
17,1771,5
17,1749,5
17,2046,5
17,2101,5
17,1953,5
17,1728,5
18,1960,5
18,1874,5
18,1846,5
18,1743,5
18,1888,5
18,2042,5
18,1826,5
18,1941,5
18,1861,5
18,1724,5
18,1686,5
18,1903,5
18,1989,5
18,2079,5
18,2002,5
18,1895,5
18,2030,5
18,1682,5
18,1867,5
18,2062,5
18,1790,5
18,1754,5
18,1927,5
18,1645,5
18,2057,5
18,1667,5
18,1671,5
18,1881,5
18,1851,5
18,2068,5
18,2013,5
18,1835,5
18,1771,5
18,1749,5
18,2046,5
18,2101,5
18,1953,5
18,1728,5
18,2143,5
18,1783,5
18,2038,5
18,1777,5
18,1947,5
18,2023,5
18,1705,5
18,2151,5
18,1638,5
18,1684,5
18,1983,5
18,1910,5
18,1922,5
18,2072,5
18,1647,5
18,1966,5
18,2125,5
18,2008,5
18,1858,5
18,2084,5
18,1974,5
18,2096,5
18,1762,5
18,1766,5
18,1664,5
18,2119,5
18,1640,5
18,1636,5
18,1830,5
18,1914,5
18,1994,5
18,2111,5
18,1703,5
18,1934,5
18,1733,5
18,1680,5
18,2106,5
18,1722,5
19,1960,5
19,1874,5
19,1846,5
19,1743,5
19,1888,5
19,2042,5
19,1826,5
19,1941,5
19,1861,5
19,1724,5
19,1686,5
19,1903,5
19,1989,5
19,2079,5
19,2002,5
19,1895,5
19,2030,5
19,1682,5
19,1867,5
19,2062,5
19,1790,5
19,1754,5
19,1927,5
19,1645,5
19,2057,5
19,1667,5
19,1671,5
19,1881,5
19,1851,5
19,2068,5
19,2013,5
19,1835,5
19,1771,5
19,1749,5
19,2046,5
19,2101,5
19,1953,5
19,1728,5
19,2143,5
19,1783,5
19,2038,5
19,1777,5
19,1947,5
19,2023,5
19,1705,5
19,2151,5
19,1638,5
19,1684,5
19,1983,5
19,1910,5
19,1922,5
19,2072,5
19,1647,5
19,1966,5
19,2125,5
19,2008,5
19,1858,5
19,2084,5
19,1974,5
19,2096,5
19,1762,5
19,1766,5
20,1960,5
20,1874,5
20,1846,5
20,1743,5
20,1888,5
20,2042,5
20,1826,5
20,1941,5
20,1861,5
20,1724,5
20,1686,5
20,1903,5
20,1989,5
20,2079,5
20,2002,5
20,1895,5
20,2030,5
20,1682,5
20,1867,5
20,2062,5
20,1790,5
20,1754,5
20,1927,5
20,1645,5
20,2057,5
20,1667,5
20,1671,5
20,1881,5
20,1851,5
20,2068,5
20,2013,5
20,1835,5
20,1771,5
20,1749,5
20,2046,5
20,2101,5
20,1953,5
20,1728,5
20,2143,5
20,1783,5
20,2038,5
20,1777,5
20,1947,5
20,2023,5
20,1705,5
20,2151,5
20,1638,5
20,1684,5
20,1983,5
20,1910,5
20,1922,5
20,2072,5
20,1647,5
20,1966,5
20,2125,5
20,2008,5
20,1858,5
20,2084,5
20,1974,5
20,2096,5
20,1762,5
20,1766,5
20,1664,5
20,2119,5
20,1640,5
20,1636,5
20,1830,5
20,1914,5
20,1994,5
20,2111,5
20,1703,5
20,1934,5
20,1733,5
20,1680,5
20,2106,5
21,1960,5
21,1874,5
21,1846,5
21,1743,5
21,1888,5
21,2042,5
21,1826,5
21,1941,5
21,1861,5
21,1724,5
21,1686,5
21,1903,5
21,1989,5
21,2079,5
21,2002,5
21,1895,5
21,2030,5
21,1682,5
21,1867,5
21,2062,5
21,1790,5
21,1754,5
21,1927,5
21,1645,5
21,2057,5
21,1667,5
21,1671,5
21,1881,5
21,1851,5
21,2068,5
21,2013,5
21,1835,5
21,1771,5
21,1749,5
21,2046,5
21,2101,5
21,1953,5
21,1728,5
21,2143,5
21,1783,5
21,2038,5
21,1777,5
21,1947,5
21,2023,5
21,1705,5
21,2151,5
21,1638,5
21,1684,5
21,1983,5
21,1910,5
21,1922,5
21,2072,5
21,1647,5
21,1966,5
21,2125,5
21,2008,5
21,1858,5
22,1960,5
22,1874,5
22,1846,5
22,1743,5
22,1888,5
22,2042,5
22,1826,5
22,1941,5
22,1861,5
22,1724,5
22,1686,5
22,1903,5
22,1989,5
22,2079,5
22,2002,5
22,1895,5
22,2030,5
22,1682,5
22,1867,5
22,2062,5
22,1790,5
22,1754,5
22,1927,5
22,1645,5
22,2057,5
22,1667,5
22,1671,5
22,1881,5
22,1851,5
22,2068,5
22,2013,5
22,1835,5
22,1771,5
22,1749,5
22,2046,5
22,2101,5
22,1953,5
22,1728,5
22,2143,5
22,1783,5
22,2038,5
22,1777,5
22,1947,5
23,1960,5
23,1874,5
23,1846,5
23,1743,5
23,1888,5
23,2042,5
23,1826,5
23,1941,5
23,1861,5
23,1724,5
23,1686,5
23,1903,5
23,1989,5
23,2079,5
23,2002,5
23,1895,5
23,2030,5
23,1682,5
23,1867,5
23,2062,5
23,1790,5
23,1754,5
23,1927,5
23,1645,5
23,2057,5
23,1667,5
23,1671,5
23,1881,5
23,1851,5
23,2068,5
23,2013,5
23,1835,5
23,1771,5
23,1749,5
23,2046,5
23,2101,5
23,1953,5
23,1728,5
23,2143,5
23,1783,5
23,2038,5
23,1777,5
23,1947,5
23,2023,5
24,1960,5
24,1874,5
24,1846,5
24,1743,5
24,1888,5
24,2042,5
24,1826,5
24,1941,5
24,1861,5
24,1724,5
24,1686,5
24,1903,5
24,1989,5
24,2079,5
24,2002,5
24,1895,5
24,2030,5
24,1682,5
24,1867,5
24,2062,5
24,1790,5
24,1754,5
24,1927,5
24,1645,5
24,2057,5
24,1667,5
24,1671,5
24,1881,5
24,1851,5
24,2068,5
24,2013,5
24,1835,5
24,1771,5
24,1749,5
24,2046,5
24,2101,5
24,1953,5
24,1728,5
24,2143,5
24,1783,5
24,2038,5
24,1777,5
24,1947,5
24,2023,5
24,1705,5
24,2151,5
24,1638,5
24,1684,5
24,1983,5
24,1910,5
24,1922,5
24,2072,5
24,1647,5
24,1966,5
24,2125,5
24,2008,5
24,1858,5
24,2084,5
24,1974,5
24,2096,5
24,1762,5
24,1766,5
24,1664,5
24,2119,5
24,1640,5
25,1960,5
25,1874,5
25,1846,5
25,1743,5
25,1888,5
25,2042,5
25,1826,5
25,1941,5
25,1861,5
25,1724,5
25,1686,5
25,1903,5
25,1989,5
25,2079,5
25,2002,5
25,1895,5
25,2030,5
25,1682,5
25,1867,5
25,2062,5
25,1790,5
25,1754,5
25,1927,5
25,1645,5
25,2057,5
25,1667,5
25,1671,5
25,1881,5
25,1851,5
25,2068,5
25,2013,5
25,1835,5
25,1771,5
25,1749,5
25,2046,5
25,2101,5
25,1953,5
25,1728,5
25,2143,5
25,1783,5
25,2038,5
25,1777,5
25,1947,5
25,2023,5
25,1705,5
25,2151,5
25,1638,5
25,1684,5
25,1983,5
25,1910,5
25,1922,5
25,2072,5
25,1647,5
25,1966,5
25,2125,5
25,2008,5
25,1858,5
25,2084,5
25,1974,5
25,2096,5
25,1762,5
25,1766,5
25,1664,5
25,2119,5
25,1640,5
25,1636,5
25,1830,5
25,1914,5
25,1994,5
25,2111,5
25,1703,5
25,1934,5
25,1733,5
25,1680,5
25,2106,5
25,1722,5
25,1707,5
25,2051,5
25,2089,5
25,2018,5
26,1960,5
26,1874,5
26,1846,5
26,1743,5
26,1888,5
26,2042,5
26,1826,5
26,1941,5
26,1861,5
26,1724,5
26,1686,5
26,1903,5
26,1989,5
26,2079,5
26,2002,5
26,1895,5
26,2030,5
26,1682,5
26,1867,5
26,2062,5
26,1790,5
26,1754,5
26,1927,5
26,1645,5
26,2057,5
26,1667,5
26,1671,5
26,1881,5
26,1851,5
26,2068,5
26,2013,5
26,1835,5
26,1771,5
26,1749,5
26,2046,5
26,2101,5
26,1953,5
26,1728,5
26,2143,5
26,1783,5
26,2038,5
26,1777,5
26,1947,5
26,2023,5
26,1705,5
26,2151,5
26,1638,5
26,1684,5
26,1983,5
26,1910,5
26,1922,5
26,2072,5
26,1647,5
26,1966,5
26,2125,5
27,1960,5
27,1874,5
27,1846,5
27,1743,5
27,1888,5
27,2042,5
27,1826,5
27,1941,5
27,1861,5
27,1724,5
27,1686,5
27,1903,5
27,1989,5
27,2079,5
27,2002,5
27,1895,5
27,2030,5
27,1682,5
27,1867,5
27,2062,5
27,1790,5
27,1754,5
27,1927,5
27,1645,5
27,2057,5
27,1667,5
27,1671,5
27,1881,5
27,1851,5
27,2068,5
27,2013,5
27,1835,5
27,1771,5
27,1749,5
27,2046,5
27,2101,5
27,1953,5
27,1728,5
27,2143,5
27,1783,5
27,2038,5
27,1777,5
27,1947,5
27,2023,5
27,1705,5
27,2151,5
27,1638,5
27,1684,5
27,1983,5
27,1910,5
27,1922,5
27,2072,5
27,1647,5
27,1966,5
27,2125,5
27,2008,5
27,1858,5
27,2084,5
27,1974,5
27,2096,5
27,1762,5
27,1766,5
27,1664,5
27,2119,5
27,1640,5
27,1636,5
27,1830,5
28,1960,5
28,1874,5
28,1846,5
28,1743,5
28,1888,5
28,2042,5
28,1826,5
28,1941,5
28,1861,5
28,1724,5
28,1686,5
28,1903,5
28,1989,5
28,2079,5
28,2002,5
28,1895,5
28,2030,5
28,1682,5
28,1867,5
28,2062,5
28,1790,5
28,1754,5
28,1927,5
28,1645,5
28,2057,5
28,1667,5
28,1671,5
28,1881,5
28,1851,5
28,2068,5
28,2013,5
28,1835,5
28,1771,5
28,1749,5
28,2046,5
28,2101,5
28,1953,5
28,1728,5
28,2143,5
28,1783,5
28,2038,5
28,1777,5
28,1947,5
28,2023,5
28,1705,5
28,2151,5
28,1638,5
28,1684,5
28,1983,5
28,1910,5
28,1922,5
28,2072,5
28,1647,5
28,1966,5
28,2125,5
28,2008,5
28,1858,5
28,2084,5
28,1974,5
28,2096,5
28,1762,5
28,1766,5
28,1664,5
28,2119,5
28,1640,5
28,1636,5
28,1830,5
28,1914,5
28,1994,5
28,2111,5
28,1703,5
28,1934,5
28,1733,5
28,1680,5
28,2106,5
28,1722,5
28,1707,5
28,2051,5
28,2089,5
28,2018,5
28,1815,5
28,2132,5
29,1960,5
29,1874,5
29,1846,5
29,1743,5
29,1888,5
29,2042,5
29,1826,5
29,1941,5
29,1861,5
29,1724,5
29,1686,5
29,1903,5
29,1989,5
29,2079,5
29,2002,5
29,1895,5
29,2030,5
29,1682,5
29,1867,5
29,2062,5
29,1790,5
29,1754,5
29,1927,5
29,1645,5
29,2057,5
29,1667,5
29,1671,5
29,1881,5
29,1851,5
29,2068,5
29,2013,5
29,1835,5
29,1771,5
29,1749,5
29,2046,5
29,2101,5
29,1953,5
29,1728,5
29,2143,5
29,1783,5
29,2038,5
29,1777,5
29,1947,5
29,2023,5
29,1705,5
29,2151,5
29,1638,5
29,1684,5
29,1983,5
29,1910,5
29,1922,5
29,2072,5
29,1647,5
29,1966,5
29,2125,5
29,2008,5
29,1858,5
29,2084,5
29,1974,5
29,2096,5
30,1960,5
30,1874,5
30,1846,5
30,1743,5
30,1888,5
30,2042,5
30,1826,5
30,1941,5
30,1861,5
30,1724,5
30,1686,5
30,1903,5
30,1989,5
30,2079,5
30,2002,5
30,1895,5
30,2030,5
30,1682,5
30,1867,5
30,2062,5
30,1790,5
30,1754,5
30,1927,5
30,1645,5
30,2057,5
30,1667,5
30,1671,5
30,1881,5
30,1851,5
30,2068,5
30,2013,5
30,1835,5
30,1771,5
30,1749,5
30,2046,5
30,2101,5
30,1953,5
30,1728,5
30,2143,5
30,1783,5
30,2038,5
30,1777,5
30,1947,5
30,2023,5
30,1705,5
30,2151,5
30,1638,5
30,1684,5
30,1983,5
30,1910,5
30,1922,5
30,2072,5
30,1647,5
30,1966,5
30,2125,5
30,2008,5
30,1858,5
30,2084,5
30,1974,5
30,2096,5
30,1762,5
30,1766,5
30,1664,5
30,2119,5
30,1640,5
30,1636,5
30,1830,5
30,1914,5
30,1994,5
