1,1826,5
1,4339,5
1,2196,5
1,2163,5
1,2008,5
1,2255,5
1,2132,5
1,4325,5
1,4336,5
1,2216,5
1,2389,5
1,2416,5
1,2089,5
1,2588,5
1,4387,5
1,2206,5
1,2184,5
1,2736,5
1,4342,5
1,2111,5
1,2310,5
1,1815,5
1,2156,5
1,4619,5
1,2490,5
1,1881,5
1,2682,5
1,1927,5
1,2212,5
1,1682,5
1,2316,5
1,4251,5
1,4616,5
1,2084,5
1,4597,5
1,1867,5
1,1874,5
1,4672,5
1,2711,5
1,4372,5
1,1994,5
1,1934,5
1,2563,5
1,2106,5
1,2176,5
1,2062,5
1,2355,5
1,1989,5
1,1686,5
1,1858,5
1,4375,5
1,4366,5
1,2232,5
1,1830,5
1,2143,5
1,1903,5
1,2590,5
1,2475,5
1,2245,5
1,1645,5
1,4636,5
1,4630,5
1,2397,5
1,1636,5
1,4164,5
1,4138,5
1,2705,5
1,2236,5
1,1771,5
1,2399,5
1,4680,5
1,4378,5
1,2424,5
1,1703,5
1,1705,5
1,4460,5
1,4612,5
1,1895,5
1,2042,5
1,4331,5
1,2363,5
1,1671,5
1,2018,5
1,4319,5
1,2268,5
1,4313,5
1,2278,5
1,2443,5
1,1640,5
1,2420,5
1,1777,5
1,2286,5
1,1722,5
1,4426,5
1,2305,5
1,2662,5
1,4651,5
1,1680,5
1,2275,5
1,4307,5
1,2335,5
1,4294,5
1,4153,5
1,2166,5
1,1664,5
1,2030,5
1,4507,5
1,2598,5
1,2630,5
1,2096,5
1,4528,5
1,4421,5
1,2458,5
1,2718,5
1,2079,5
1,4499,5
1,1960,5
1,1707,5
1,2072,5
1,4297,5
1,4268,5
1,1861,5
1,4434,5
1,1947,5
1,2696,5
1,4321,5
1,2394,5
1,2046,5
1,2614,5
1,2341,5
1,4357,5
1,4205,5
1,1974,5
1,2002,5
1,2023,5
1,2439,5
1,4621,5
1,1966,5
1,2151,5
1,1914,5
1,1667,5
1,1684,5
1,2410,5
1,4231,5
1,2504,5
1,2300,5
1,4221,5
1,4570,5
1,4285,5
1,2125,5
1,2101,5
1,2013,5
1,4423,5
1,2560,5
1,2623,5
1,2381,5
1,2190,5
1,2535,5
1,2430,5
1,4328,5
1,1724,5
1,2057,5
1,4348,5
1,1835,5
1,2552,5
1,1733,5
1,4519,5
1,1762,5
1,4586,5
1,2372,5
1,2524,5
1,2225,5
1,4292,5
1,2508,5
1,1754,5
1,4107,5
1,2295,5
1,2068,5
1,2730,5
1,1983,5
1,2678,5
1,4577,5
1,2752,5
1,2348,5
1,1922,5
1,1647,5
1,2137,5
1,1783,5
1,4302,5
1,1766,5
1,4364,5
1,2119,5
1,2773,5
1,4445,5
1,1941,5
1,2647,5
1,4289,5
2,1826,5
2,4339,5
2,2196,5
2,2163,5
2,2008,5
2,2255,5
2,2132,5
2,4325,5
2,4336,5
2,2216,5
2,2389,5
2,2416,5
2,2089,5
2,2588,5
2,4387,5
2,2206,5
2,2184,5
2,2736,5
2,4342,5
2,2111,5
2,2310,5
2,1815,5
2,2156,5
2,4619,5
2,2490,5
2,1881,5
2,2682,5
2,1927,5
2,2212,5
2,1682,5
2,2316,5
2,4251,5
2,4616,5
2,2084,5
2,4597,5
2,1867,5
2,1874,5
2,4672,5
2,2711,5
2,4372,5
2,1994,5
2,1934,5
2,2563,5
2,2106,5
2,2176,5
2,2062,5
2,2355,5
2,1989,5
2,1686,5
2,1858,5
2,4375,5
2,4366,5
2,2232,5
2,1830,5
2,2143,5
2,1903,5
2,2590,5
2,2475,5
2,2245,5
2,1645,5
2,4636,5
2,4630,5
2,2397,5
2,1636,5
2,4164,5
2,4138,5
2,2705,5
2,2236,5
2,1771,5
2,2399,5
2,4680,5
2,4378,5
2,2424,5
2,1703,5
2,1705,5
2,4460,5
2,4612,5
2,1895,5
2,2042,5
2,4331,5
2,2363,5
2,1671,5
2,2018,5
2,4319,5
2,2268,5
2,4313,5
2,2278,5
2,2443,5
2,1640,5
2,2420,5
2,1777,5
2,2286,5
2,1722,5
2,4426,5
2,2305,5
2,2662,5
2,4651,5
2,1680,5
2,2275,5
2,4307,5
2,2335,5
2,4294,5
2,4153,5
2,2166,5
2,1664,5
2,2030,5
2,4507,5
2,2598,5
2,2630,5
2,2096,5
2,4528,5
2,4421,5
2,2458,5
2,2718,5
2,2079,5
2,4499,5
2,1960,5
2,1707,5
2,2072,5
2,4297,5
2,4268,5
2,1861,5
2,4434,5
2,1947,5
2,2696,5
2,4321,5
2,2394,5
2,2046,5
2,2614,5
2,2341,5
2,4357,5
2,4205,5
2,1974,5
2,2002,5
2,2023,5
2,2439,5
2,4621,5
2,1966,5
2,2151,5
2,1914,5
2,1667,5
2,1684,5
2,2410,5
2,4231,5
2,2504,5
2,2300,5
2,4221,5
2,4570,5
2,4285,5
2,2125,5
2,2101,5
2,2013,5
2,4423,5
2,2560,5
2,2623,5
2,2381,5
2,2190,5
2,2535,5
2,2430,5
2,4328,5
2,1724,5
2,2057,5
2,4348,5
2,1835,5
2,2552,5
2,1733,5
2,4519,5
2,1762,5
2,4586,5
2,2372,5
2,2524,5
2,2225,5
2,4292,5
2,2508,5
2,1754,5
2,4107,5
2,2295,5
2,2068,5
2,2730,5
2,1983,5
2,2678,5
2,4577,5
2,2752,5
2,2348,5
2,1922,5
2,1647,5
3,1826,5
3,4339,5
3,2196,5
3,2163,5
3,2008,5
3,2255,5
3,2132,5
3,4325,5
3,4336,5
3,2216,5
3,2389,5
3,2416,5
3,2089,5
3,2588,5
3,4387,5
3,2206,5
3,2184,5
3,2736,5
3,4342,5
3,2111,5
3,2310,5
3,1815,5
3,2156,5
3,4619,5
3,2490,5
3,1881,5
3,2682,5
3,1927,5
3,2212,5
3,1682,5
3,2316,5
3,4251,5
3,4616,5
3,2084,5
3,4597,5
3,1867,5
3,1874,5
3,4672,5
3,2711,5
3,4372,5
3,1994,5
3,1934,5
3,2563,5
3,2106,5
3,2176,5
3,2062,5
3,2355,5
3,1989,5
3,1686,5
3,1858,5
3,4375,5
3,4366,5
3,2232,5
3,1830,5
3,2143,5
3,1903,5
3,2590,5
3,2475,5
3,2245,5
3,1645,5
3,4636,5
3,4630,5
3,2397,5
3,1636,5
3,4164,5
3,4138,5
3,2705,5
3,2236,5
3,1771,5
3,2399,5
3,4680,5
3,4378,5
3,2424,5
3,1703,5
3,1705,5
3,4460,5
3,4612,5
3,1895,5
3,2042,5
3,4331,5
3,2363,5
3,1671,5
3,2018,5
3,4319,5
3,2268,5
3,4313,5
3,2278,5
3,2443,5
3,1640,5
3,2420,5
3,1777,5
3,2286,5
3,1722,5
3,4426,5
3,2305,5
3,2662,5
3,4651,5
3,1680,5
3,2275,5
3,4307,5
3,2335,5
3,4294,5
3,4153,5
3,2166,5
3,1664,5
3,2030,5
3,4507,5
3,2598,5
3,2630,5
3,2096,5
3,4528,5
3,4421,5
3,2458,5
3,2718,5
3,2079,5
3,4499,5
3,1960,5
3,1707,5
3,2072,5
3,4297,5
3,4268,5
3,1861,5
3,4434,5
3,1947,5
3,2696,5
3,4321,5
3,2394,5
3,2046,5
3,2614,5
3,2341,5
3,4357,5
3,4205,5
3,1974,5
3,2002,5
3,2023,5
3,2439,5
3,4621,5
3,1966,5
3,2151,5
3,1914,5
3,1667,5
3,1684,5
3,2410,5
3,4231,5
3,2504,5
3,2300,5
3,4221,5
3,4570,5
3,4285,5
3,2125,5
3,2101,5
3,2013,5
3,4423,5
3,2560,5
3,2623,5
3,2381,5
3,2190,5
3,2535,5
3,2430,5
3,4328,5
3,1724,5
3,2057,5
3,4348,5
3,1835,5
3,2552,5
3,1733,5
3,4519,5
3,1762,5
3,4586,5
3,2372,5
3,2524,5
3,2225,5
3,4292,5
3,2508,5
4,1826,5
4,4339,5
4,2196,5
4,2163,5
4,2008,5
4,2255,5
4,2132,5
4,4325,5
4,4336,5
4,2216,5
4,2389,5
4,2416,5
4,2089,5
4,2588,5
4,4387,5
4,2206,5
4,2184,5
4,2736,5
4,4342,5
4,2111,5
4,2310,5
4,1815,5
4,2156,5
4,4619,5
4,2490,5
4,1881,5
4,2682,5
4,1927,5
4,2212,5
4,1682,5
4,2316,5
4,4251,5
4,4616,5
4,2084,5
4,4597,5
4,1867,5
4,1874,5
4,4672,5
4,2711,5
4,4372,5
4,1994,5
4,1934,5
4,2563,5
4,2106,5
4,2176,5
4,2062,5
4,2355,5
4,1989,5
4,1686,5
4,1858,5
4,4375,5
4,4366,5
4,2232,5
4,1830,5
4,2143,5
4,1903,5
4,2590,5
4,2475,5
4,2245,5
4,1645,5
4,4636,5
4,4630,5
4,2397,5
4,1636,5
4,4164,5
4,4138,5
4,2705,5
4,2236,5
4,1771,5
4,2399,5
4,4680,5
4,4378,5
4,2424,5
4,1703,5
4,1705,5
4,4460,5
4,4612,5
4,1895,5
4,2042,5
4,4331,5
4,2363,5
4,1671,5
4,2018,5
4,4319,5
4,2268,5
4,4313,5
4,2278,5
4,2443,5
4,1640,5
4,2420,5
4,1777,5
4,2286,5
4,1722,5
4,4426,5
4,2305,5
4,2662,5
4,4651,5
4,1680,5
4,2275,5
4,4307,5
4,2335,5
4,4294,5
4,4153,5
4,2166,5
4,1664,5
4,2030,5
4,4507,5
4,2598,5
4,2630,5
4,2096,5
4,4528,5
4,4421,5
4,2458,5
4,2718,5
4,2079,5
4,4499,5
4,1960,5
4,1707,5
4,2072,5
4,4297,5
4,4268,5
4,1861,5
4,4434,5
4,1947,5
4,2696,5
4,4321,5
4,2394,5
4,2046,5
4,2614,5
4,2341,5
4,4357,5
4,4205,5
4,1974,5
4,2002,5
4,2023,5
4,2439,5
4,4621,5
4,1966,5
4,2151,5
4,1914,5
4,1667,5
4,1684,5
4,2410,5
4,4231,5
4,2504,5
4,2300,5
4,4221,5
4,4570,5
4,4285,5
4,2125,5
4,2101,5
4,2013,5
4,4423,5
4,2560,5
4,2623,5
4,2381,5
4,2190,5
4,2535,5
4,2430,5
4,4328,5
4,1724,5
4,2057,5
4,4348,5
4,1835,5
4,2552,5
4,1733,5
4,4519,5
4,1762,5
4,4586,5
4,2372,5
4,2524,5
4,2225,5
4,4292,5
4,2508,5
4,1754,5
4,4107,5
4,2295,5
4,2068,5
4,2730,5
4,1983,5
4,2678,5
4,4577,5
4,2752,5
4,2348,5
4,1922,5
4,1647,5
4,2137,5
4,1783,5
4,4302,5
4,1766,5
4,4364,5
4,2119,5
4,2773,5
4,4445,5
4,1941,5
4,2647,5
4,4289,5
4,1851,5
4,4187,5
4,2512,5
4,2539,5
4,1910,5
4,2324,5
4,4238,5
4,4369,5
4,2756,5
4,4544,5
4,1846,5
4,4610,5
4,1638,5
4,2375,5
4,4355,5
4,2291,5
4,1728,5
5,1826,5
5,4339,5
5,2196,5
5,2163,5
5,2008,5
5,2255,5
5,2132,5
5,4325,5
5,4336,5
5,2216,5
5,2389,5
5,2416,5
5,2089,5
5,2588,5
5,4387,5
5,2206,5
5,2184,5
5,2736,5
5,4342,5
5,2111,5
5,2310,5
5,1815,5
5,2156,5
5,4619,5
5,2490,5
5,1881,5
5,2682,5
5,1927,5
5,2212,5
5,1682,5
5,2316,5
5,4251,5
5,4616,5
5,2084,5
5,4597,5
5,1867,5
5,1874,5
5,4672,5
5,2711,5
5,4372,5
5,1994,5
5,1934,5
5,2563,5
5,2106,5
5,2176,5
5,2062,5
5,2355,5
5,1989,5
5,1686,5
5,1858,5
5,4375,5
5,4366,5
5,2232,5
5,1830,5
5,2143,5
5,1903,5
5,2590,5
5,2475,5
5,2245,5
5,1645,5
5,4636,5
5,4630,5
5,2397,5
5,1636,5
5,4164,5
5,4138,5
5,2705,5
5,2236,5
5,1771,5
5,2399,5
5,4680,5
5,4378,5
5,2424,5
5,1703,5
5,1705,5
5,4460,5
5,4612,5
5,1895,5
5,2042,5
5,4331,5
5,2363,5
5,1671,5
5,2018,5
5,4319,5
5,2268,5
5,4313,5
5,2278,5
5,2443,5
5,1640,5
5,2420,5
5,1777,5
5,2286,5
5,1722,5
5,4426,5
5,2305,5
5,2662,5
5,4651,5
5,1680,5
5,2275,5
5,4307,5
5,2335,5
5,4294,5
5,4153,5
5,2166,5
5,1664,5
5,2030,5
5,4507,5
5,2598,5
5,2630,5
5,2096,5
5,4528,5
5,4421,5
5,2458,5
5,2718,5
5,2079,5
5,4499,5
5,1960,5
5,1707,5
5,2072,5
5,4297,5
5,4268,5
5,1861,5
5,4434,5
5,1947,5
5,2696,5
5,4321,5
5,2394,5
5,2046,5
5,2614,5
5,2341,5
5,4357,5
5,4205,5
5,1974,5
5,2002,5
5,2023,5
5,2439,5
5,4621,5
5,1966,5
5,2151,5
5,1914,5
5,1667,5
5,1684,5
5,2410,5
5,4231,5
5,2504,5
5,2300,5
5,4221,5
5,4570,5
5,4285,5
5,2125,5
5,2101,5
5,2013,5
5,4423,5
5,2560,5
5,2623,5
5,2381,5
5,2190,5
5,2535,5
5,2430,5
5,4328,5
5,1724,5
5,2057,5
5,4348,5
5,1835,5
5,2552,5
5,1733,5
5,4519,5
5,1762,5
5,4586,5
5,2372,5
5,2524,5
5,2225,5
5,4292,5
5,2508,5
5,1754,5
5,4107,5
5,2295,5
5,2068,5
5,2730,5
5,1983,5
6,1826,5
6,4339,5
6,2196,5
6,2163,5
6,2008,5
6,2255,5
6,2132,5
6,4325,5
6,4336,5
6,2216,5
6,2389,5
6,2416,5
6,2089,5
6,2588,5
6,4387,5
6,2206,5
6,2184,5
6,2736,5
6,4342,5
6,2111,5
6,2310,5
6,1815,5
6,2156,5
6,4619,5
6,2490,5
6,1881,5
6,2682,5
6,1927,5
6,2212,5
6,1682,5
6,2316,5
6,4251,5
6,4616,5
6,2084,5
6,4597,5
6,1867,5
6,1874,5
6,4672,5
6,2711,5
6,4372,5
6,1994,5
6,1934,5
6,2563,5
6,2106,5
6,2176,5
6,2062,5
6,2355,5
6,1989,5
6,1686,5
6,1858,5
6,4375,5
6,4366,5
6,2232,5
6,1830,5
6,2143,5
6,1903,5
6,2590,5
6,2475,5
6,2245,5
6,1645,5
6,4636,5
6,4630,5
6,2397,5
6,1636,5
6,4164,5
6,4138,5
6,2705,5
6,2236,5
6,1771,5
6,2399,5
6,4680,5
6,4378,5
6,2424,5
6,1703,5
6,1705,5
6,4460,5
6,4612,5
6,1895,5
6,2042,5
6,4331,5
6,2363,5
6,1671,5
6,2018,5
6,4319,5
6,2268,5
6,4313,5
6,2278,5
6,2443,5
6,1640,5
6,2420,5
6,1777,5
6,2286,5
6,1722,5
6,4426,5
6,2305,5
6,2662,5
6,4651,5
6,1680,5
6,2275,5
6,4307,5
6,2335,5
6,4294,5
6,4153,5
6,2166,5
6,1664,5
6,2030,5
6,4507,5
6,2598,5
6,2630,5
6,2096,5
6,4528,5
6,4421,5
6,2458,5
6,2718,5
6,2079,5
6,4499,5
6,1960,5
6,1707,5
6,2072,5
6,4297,5
6,4268,5
6,1861,5
6,4434,5
6,1947,5
6,2696,5
6,4321,5
6,2394,5
6,2046,5
6,2614,5
6,2341,5
6,4357,5
6,4205,5
6,1974,5
6,2002,5
6,2023,5
6,2439,5
6,4621,5
6,1966,5
6,2151,5
6,1914,5
6,1667,5
6,1684,5
6,2410,5
6,4231,5
6,2504,5
6,2300,5
6,4221,5
6,4570,5
6,4285,5
6,2125,5
6,2101,5
7,1826,5
7,4339,5
7,2196,5
7,2163,5
7,2008,5
7,2255,5
7,2132,5
7,4325,5
7,4336,5
7,2216,5
7,2389,5
7,2416,5
7,2089,5
7,2588,5
7,4387,5
7,2206,5
7,2184,5
7,2736,5
7,4342,5
7,2111,5
7,2310,5
7,1815,5
7,2156,5
7,4619,5
7,2490,5
7,1881,5
7,2682,5
7,1927,5
7,2212,5
7,1682,5
7,2316,5
7,4251,5
7,4616,5
7,2084,5
7,4597,5
7,1867,5
7,1874,5
7,4672,5
7,2711,5
7,4372,5
7,1994,5
7,1934,5
7,2563,5
7,2106,5
7,2176,5
7,2062,5
7,2355,5
7,1989,5
7,1686,5
7,1858,5
7,4375,5
7,4366,5
7,2232,5
7,1830,5
7,2143,5
7,1903,5
7,2590,5
7,2475,5
7,2245,5
7,1645,5
7,4636,5
7,4630,5
7,2397,5
7,1636,5
7,4164,5
7,4138,5
7,2705,5
7,2236,5
7,1771,5
7,2399,5
7,4680,5
7,4378,5
7,2424,5
7,1703,5
7,1705,5
7,4460,5
7,4612,5
7,1895,5
7,2042,5
7,4331,5
7,2363,5
7,1671,5
7,2018,5
7,4319,5
7,2268,5
7,4313,5
7,2278,5
7,2443,5
7,1640,5
7,2420,5
7,1777,5
7,2286,5
7,1722,5
7,4426,5
7,2305,5
7,2662,5
7,4651,5
7,1680,5
7,2275,5
7,4307,5
7,2335,5
7,4294,5
7,4153,5
7,2166,5
7,1664,5
7,2030,5
7,4507,5
7,2598,5
7,2630,5
7,2096,5
7,4528,5
7,4421,5
7,2458,5
7,2718,5
7,2079,5
7,4499,5
7,1960,5
7,1707,5
7,2072,5
7,4297,5
7,4268,5
7,1861,5
7,4434,5
7,1947,5
7,2696,5
7,4321,5
7,2394,5
7,2046,5
7,2614,5
7,2341,5
7,4357,5
7,4205,5
7,1974,5
7,2002,5
7,2023,5
7,2439,5
7,4621,5
7,1966,5
7,2151,5
7,1914,5
8,1826,5
8,4339,5
8,2196,5
8,2163,5
8,2008,5
8,2255,5
8,2132,5
8,4325,5
8,4336,5
8,2216,5
8,2389,5
8,2416,5
8,2089,5
8,2588,5
8,4387,5
8,2206,5
8,2184,5
8,2736,5
8,4342,5
8,2111,5
8,2310,5
8,1815,5
8,2156,5
8,4619,5
8,2490,5
8,1881,5
8,2682,5
8,1927,5
8,2212,5
8,1682,5
8,2316,5
8,4251,5
8,4616,5
8,2084,5
8,4597,5
8,1867,5
8,1874,5
8,4672,5
8,2711,5
8,4372,5
8,1994,5
8,1934,5
8,2563,5
8,2106,5
8,2176,5
8,2062,5
8,2355,5
8,1989,5
8,1686,5
8,1858,5
8,4375,5
8,4366,5
8,2232,5
8,1830,5
8,2143,5
8,1903,5
8,2590,5
8,2475,5
8,2245,5
8,1645,5
8,4636,5
8,4630,5
8,2397,5
8,1636,5
8,4164,5
8,4138,5
8,2705,5
8,2236,5
8,1771,5
8,2399,5
8,4680,5
8,4378,5
8,2424,5
8,1703,5
8,1705,5
8,4460,5
8,4612,5
8,1895,5
8,2042,5
8,4331,5
8,2363,5
8,1671,5
8,2018,5
8,4319,5
8,2268,5
8,4313,5
8,2278,5
8,2443,5
8,1640,5
8,2420,5
8,1777,5
8,2286,5
8,1722,5
8,4426,5
8,2305,5
8,2662,5
8,4651,5
8,1680,5
8,2275,5
8,4307,5
8,2335,5
8,4294,5
8,4153,5
8,2166,5
8,1664,5
8,2030,5
8,4507,5
8,2598,5
8,2630,5
8,2096,5
8,4528,5
8,4421,5
8,2458,5
8,2718,5
8,2079,5
8,4499,5
8,1960,5
8,1707,5
8,2072,5
8,4297,5
8,4268,5
8,1861,5
8,4434,5
8,1947,5
8,2696,5
8,4321,5
8,2394,5
8,2046,5
8,2614,5
8,2341,5
8,4357,5
8,4205,5
9,1826,5
9,4339,5
9,2196,5
9,2163,5
9,2008,5
9,2255,5
9,2132,5
9,4325,5
9,4336,5
9,2216,5
9,2389,5
9,2416,5
9,2089,5
9,2588,5
9,4387,5
9,2206,5
9,2184,5
9,2736,5
9,4342,5
9,2111,5
9,2310,5
9,1815,5
9,2156,5
9,4619,5
9,2490,5
9,1881,5
9,2682,5
9,1927,5
9,2212,5
9,1682,5
9,2316,5
9,4251,5
9,4616,5
9,2084,5
9,4597,5
9,1867,5
9,1874,5
9,4672,5
9,2711,5
9,4372,5
9,1994,5
9,1934,5
9,2563,5
9,2106,5
9,2176,5
9,2062,5
9,2355,5
9,1989,5
9,1686,5
9,1858,5
9,4375,5
9,4366,5
9,2232,5
9,1830,5
9,2143,5
9,1903,5
9,2590,5
9,2475,5
9,2245,5
9,1645,5
9,4636,5
9,4630,5
9,2397,5
9,1636,5
9,4164,5
9,4138,5
9,2705,5
9,2236,5
9,1771,5
9,2399,5
9,4680,5
9,4378,5
9,2424,5
9,1703,5
9,1705,5
9,4460,5
9,4612,5
9,1895,5
9,2042,5
9,4331,5
9,2363,5
9,1671,5
9,2018,5
9,4319,5
9,2268,5
9,4313,5
9,2278,5
9,2443,5
9,1640,5
9,2420,5
9,1777,5
9,2286,5
9,1722,5
9,4426,5
9,2305,5
9,2662,5
9,4651,5
9,1680,5
9,2275,5
9,4307,5
9,2335,5
9,4294,5
9,4153,5
9,2166,5
9,1664,5
9,2030,5
9,4507,5
9,2598,5
9,2630,5
9,2096,5
9,4528,5
9,4421,5
9,2458,5
9,2718,5
9,2079,5
9,4499,5
9,1960,5
9,1707,5
9,2072,5
9,4297,5
9,4268,5
9,1861,5
9,4434,5
9,1947,5
9,2696,5
9,4321,5
9,2394,5
9,2046,5
9,2614,5
9,2341,5
9,4357,5
9,4205,5
9,1974,5
9,2002,5
9,2023,5
9,2439,5
9,4621,5
9,1966,5
9,2151,5
9,1914,5
9,1667,5
9,1684,5
9,2410,5
9,4231,5
9,2504,5
9,2300,5
9,4221,5
9,4570,5
9,4285,5
9,2125,5
9,2101,5
9,2013,5
9,4423,5
9,2560,5
9,2623,5
9,2381,5
9,2190,5
9,2535,5
9,2430,5
9,4328,5
9,1724,5
9,2057,5
9,4348,5
9,1835,5
9,2552,5
9,1733,5
9,4519,5
9,1762,5
9,4586,5
9,2372,5
9,2524,5
9,2225,5
9,4292,5
9,2508,5
9,1754,5
9,4107,5
9,2295,5
9,2068,5
9,2730,5
9,1983,5
9,2678,5
9,4577,5
9,2752,5
9,2348,5
9,1922,5
9,1647,5
9,2137,5
9,1783,5
9,4302,5
9,1766,5
9,4364,5
9,2119,5
9,2773,5
9,4445,5
9,1941,5
9,2647,5
9,4289,5
9,1851,5
9,4187,5
9,2512,5
9,2539,5
9,1910,5
9,2324,5
9,4238,5
9,4369,5
10,1826,5
10,4339,5
10,2196,5
10,2163,5
10,2008,5
10,2255,5
10,2132,5
10,4325,5
10,4336,5
10,2216,5
10,2389,5
10,2416,5
10,2089,5
10,2588,5
10,4387,5
10,2206,5
10,2184,5
10,2736,5
10,4342,5
10,2111,5
10,2310,5
10,1815,5
10,2156,5
10,4619,5
10,2490,5
10,1881,5
10,2682,5
10,1927,5
10,2212,5
10,1682,5
10,2316,5
10,4251,5
10,4616,5
10,2084,5
10,4597,5
10,1867,5
10,1874,5
10,4672,5
10,2711,5
10,4372,5
10,1994,5
10,1934,5
10,2563,5
10,2106,5
10,2176,5
10,2062,5
10,2355,5
10,1989,5
10,1686,5
10,1858,5
10,4375,5
10,4366,5
10,2232,5
10,1830,5
10,2143,5
10,1903,5
10,2590,5
10,2475,5
10,2245,5
10,1645,5
10,4636,5
10,4630,5
10,2397,5
10,1636,5
10,4164,5
10,4138,5
10,2705,5
10,2236,5
10,1771,5
10,2399,5
10,4680,5
10,4378,5
10,2424,5
10,1703,5
10,1705,5
10,4460,5
10,4612,5
10,1895,5
10,2042,5
10,4331,5
10,2363,5
10,1671,5
10,2018,5
10,4319,5
10,2268,5
10,4313,5
10,2278,5
10,2443,5
10,1640,5
10,2420,5
10,1777,5
10,2286,5
10,1722,5
10,4426,5
10,2305,5
10,2662,5
10,4651,5
10,1680,5
10,2275,5
10,4307,5
10,2335,5
10,4294,5
10,4153,5
10,2166,5
10,1664,5
10,2030,5
10,4507,5
10,2598,5
10,2630,5
10,2096,5
10,4528,5
10,4421,5
10,2458,5
10,2718,5
10,2079,5
10,4499,5
10,1960,5
10,1707,5
10,2072,5
10,4297,5
10,4268,5
10,1861,5
10,4434,5
10,1947,5
10,2696,5
10,4321,5
10,2394,5
10,2046,5
10,2614,5
10,2341,5
10,4357,5
10,4205,5
10,1974,5
10,2002,5
10,2023,5
10,2439,5
10,4621,5
10,1966,5
10,2151,5
10,1914,5
10,1667,5
10,1684,5
10,2410,5
10,4231,5
10,2504,5
10,2300,5
10,4221,5
10,4570,5
10,4285,5
10,2125,5
10,2101,5
10,2013,5
10,4423,5
10,2560,5
10,2623,5
10,2381,5
10,2190,5
10,2535,5
10,2430,5
10,4328,5
10,1724,5
10,2057,5
10,4348,5
10,1835,5
10,2552,5
10,1733,5
10,4519,5
10,1762,5
10,4586,5
10,2372,5
10,2524,5
10,2225,5
10,4292,5
10,2508,5
10,1754,5
10,4107,5
10,2295,5
10,2068,5
10,2730,5
10,1983,5
10,2678,5
10,4577,5
10,2752,5
10,2348,5
10,1922,5
10,1647,5
10,2137,5
10,1783,5
10,4302,5
10,1766,5
10,4364,5
10,2119,5
10,2773,5
10,4445,5
11,1826,5
11,4339,5
11,2196,5
11,2163,5
11,2008,5
11,2255,5
11,2132,5
11,4325,5
11,4336,5
11,2216,5
11,2389,5
11,2416,5
11,2089,5
11,2588,5
11,4387,5
11,2206,5
11,2184,5
11,2736,5
11,4342,5
11,2111,5
11,2310,5
11,1815,5
11,2156,5
11,4619,5
11,2490,5
11,1881,5
11,2682,5
11,1927,5
11,2212,5
11,1682,5
11,2316,5
11,4251,5
11,4616,5
11,2084,5
11,4597,5
11,1867,5
11,1874,5
11,4672,5
11,2711,5
11,4372,5
11,1994,5
11,1934,5
11,2563,5
11,2106,5
11,2176,5
11,2062,5
11,2355,5
11,1989,5
11,1686,5
11,1858,5
11,4375,5
11,4366,5
11,2232,5
11,1830,5
11,2143,5
11,1903,5
11,2590,5
11,2475,5
11,2245,5
11,1645,5
11,4636,5
11,4630,5
11,2397,5
11,1636,5
11,4164,5
11,4138,5
11,2705,5
11,2236,5
11,1771,5
11,2399,5
11,4680,5
11,4378,5
11,2424,5
11,1703,5
11,1705,5
11,4460,5
11,4612,5
11,1895,5
11,2042,5
11,4331,5
11,2363,5
11,1671,5
11,2018,5
11,4319,5
11,2268,5
11,4313,5
11,2278,5
11,2443,5
11,1640,5
11,2420,5
11,1777,5
11,2286,5
11,1722,5
11,4426,5
11,2305,5
11,2662,5
11,4651,5
11,1680,5
11,2275,5
11,4307,5
11,2335,5
11,4294,5
11,4153,5
11,2166,5
11,1664,5
11,2030,5
11,4507,5
11,2598,5
11,2630,5
11,2096,5
11,4528,5
11,4421,5
11,2458,5
11,2718,5
11,2079,5
11,4499,5
11,1960,5
11,1707,5
11,2072,5
11,4297,5
11,4268,5
11,1861,5
11,4434,5
11,1947,5
11,2696,5
11,4321,5
11,2394,5
11,2046,5
11,2614,5
11,2341,5
11,4357,5
11,4205,5
11,1974,5
11,2002,5
11,2023,5
11,2439,5
11,4621,5
11,1966,5
11,2151,5
11,1914,5
11,1667,5
11,1684,5
11,2410,5
11,4231,5
11,2504,5
11,2300,5
11,4221,5
11,4570,5
11,4285,5
11,2125,5
11,2101,5
11,2013,5
11,4423,5
11,2560,5
11,2623,5
11,2381,5
11,2190,5
11,2535,5
11,2430,5
11,4328,5
11,1724,5
11,2057,5
11,4348,5
11,1835,5
11,2552,5
11,1733,5
11,4519,5
11,1762,5
11,4586,5
11,2372,5
11,2524,5
11,2225,5
11,4292,5
11,2508,5
11,1754,5
11,4107,5
12,1826,5
12,4339,5
12,2196,5
12,2163,5
12,2008,5
12,2255,5
12,2132,5
12,4325,5
12,4336,5
12,2216,5
12,2389,5
12,2416,5
12,2089,5
12,2588,5
12,4387,5
12,2206,5
12,2184,5
12,2736,5
12,4342,5
12,2111,5
12,2310,5
12,1815,5
12,2156,5
12,4619,5
12,2490,5
12,1881,5
12,2682,5
12,1927,5
12,2212,5
12,1682,5
12,2316,5
12,4251,5
12,4616,5
12,2084,5
12,4597,5
12,1867,5
12,1874,5
12,4672,5
12,2711,5
12,4372,5
12,1994,5
12,1934,5
12,2563,5
12,2106,5
12,2176,5
12,2062,5
12,2355,5
12,1989,5
12,1686,5
12,1858,5
12,4375,5
12,4366,5
12,2232,5
12,1830,5
12,2143,5
12,1903,5
12,2590,5
12,2475,5
12,2245,5
12,1645,5
12,4636,5
12,4630,5
12,2397,5
12,1636,5
12,4164,5
12,4138,5
12,2705,5
12,2236,5
12,1771,5
12,2399,5
12,4680,5
12,4378,5
12,2424,5
12,1703,5
12,1705,5
12,4460,5
12,4612,5
12,1895,5
12,2042,5
12,4331,5
12,2363,5
12,1671,5
12,2018,5
12,4319,5
12,2268,5
12,4313,5
12,2278,5
12,2443,5
12,1640,5
12,2420,5
12,1777,5
12,2286,5
12,1722,5
12,4426,5
12,2305,5
12,2662,5
12,4651,5
12,1680,5
12,2275,5
12,4307,5
12,2335,5
12,4294,5
12,4153,5
12,2166,5
12,1664,5
12,2030,5
12,4507,5
12,2598,5
12,2630,5
12,2096,5
12,4528,5
12,4421,5
12,2458,5
12,2718,5
12,2079,5
12,4499,5
12,1960,5
12,1707,5
12,2072,5
12,4297,5
12,4268,5
12,1861,5
12,4434,5
12,1947,5
12,2696,5
12,4321,5
12,2394,5
12,2046,5
12,2614,5
12,2341,5
12,4357,5
12,4205,5
12,1974,5
12,2002,5
12,2023,5
12,2439,5
12,4621,5
12,1966,5
12,2151,5
12,1914,5
12,1667,5
12,1684,5
12,2410,5
12,4231,5
12,2504,5
12,2300,5
12,4221,5
12,4570,5
12,4285,5
12,2125,5
12,2101,5
12,2013,5
12,4423,5
12,2560,5
12,2623,5
12,2381,5
12,2190,5
12,2535,5
12,2430,5
12,4328,5
12,1724,5
12,2057,5
12,4348,5
12,1835,5
12,2552,5
12,1733,5
12,4519,5
12,1762,5
12,4586,5
12,2372,5
12,2524,5
12,2225,5
12,4292,5
12,2508,5
12,1754,5
12,4107,5
12,2295,5
12,2068,5
12,2730,5
12,1983,5
12,2678,5
12,4577,5
12,2752,5
12,2348,5
12,1922,5
12,1647,5
12,2137,5
12,1783,5
12,4302,5
12,1766,5
12,4364,5
12,2119,5
12,2773,5
12,4445,5
12,1941,5
12,2647,5
12,4289,5
12,1851,5
12,4187,5
12,2512,5
12,2539,5
12,1910,5
12,2324,5
12,4238,5
12,4369,5
12,2756,5
12,4544,5
12,1846,5
12,4610,5
12,1638,5
12,2375,5
12,4355,5
12,2291,5
12,1728,5
12,1888,5
12,2643,5
12,4351,5
12,4345,5
12,4315,5
12,2577,5
13,1826,5
13,4339,5
13,2196,5
13,2163,5
13,2008,5
13,2255,5
13,2132,5
13,4325,5
13,4336,5
13,2216,5
13,2389,5
13,2416,5
13,2089,5
13,2588,5
13,4387,5
13,2206,5
13,2184,5
13,2736,5
13,4342,5
13,2111,5
13,2310,5
13,1815,5
13,2156,5
13,4619,5
13,2490,5
13,1881,5
13,2682,5
13,1927,5
13,2212,5
13,1682,5
13,2316,5
13,4251,5
13,4616,5
13,2084,5
13,4597,5
13,1867,5
13,1874,5
13,4672,5
13,2711,5
13,4372,5
13,1994,5
13,1934,5
13,2563,5
13,2106,5
13,2176,5
13,2062,5
13,2355,5
13,1989,5
13,1686,5
13,1858,5
13,4375,5
13,4366,5
13,2232,5
13,1830,5
13,2143,5
13,1903,5
13,2590,5
13,2475,5
13,2245,5
13,1645,5
13,4636,5
13,4630,5
13,2397,5
13,1636,5
13,4164,5
13,4138,5
13,2705,5
13,2236,5
13,1771,5
13,2399,5
13,4680,5
13,4378,5
13,2424,5
13,1703,5
13,1705,5
13,4460,5
13,4612,5
13,1895,5
13,2042,5
13,4331,5
13,2363,5
13,1671,5
13,2018,5
13,4319,5
13,2268,5
13,4313,5
13,2278,5
13,2443,5
13,1640,5
13,2420,5
13,1777,5
13,2286,5
13,1722,5
13,4426,5
13,2305,5
13,2662,5
13,4651,5
13,1680,5
13,2275,5
13,4307,5
13,2335,5
13,4294,5
13,4153,5
13,2166,5
13,1664,5
13,2030,5
13,4507,5
13,2598,5
13,2630,5
13,2096,5
13,4528,5
13,4421,5
13,2458,5
13,2718,5
13,2079,5
13,4499,5
13,1960,5
13,1707,5
13,2072,5
13,4297,5
13,4268,5
13,1861,5
13,4434,5
13,1947,5
13,2696,5
13,4321,5
13,2394,5
13,2046,5
13,2614,5
13,2341,5
13,4357,5
13,4205,5
13,1974,5
13,2002,5
13,2023,5
13,2439,5
13,4621,5
13,1966,5
13,2151,5
13,1914,5
13,1667,5
13,1684,5
13,2410,5
13,4231,5
13,2504,5
13,2300,5
13,4221,5
13,4570,5
13,4285,5
13,2125,5
13,2101,5
13,2013,5
13,4423,5
13,2560,5
13,2623,5
13,2381,5
13,2190,5
13,2535,5
13,2430,5
13,4328,5
13,1724,5
13,2057,5
13,4348,5
13,1835,5
13,2552,5
13,1733,5
13,4519,5
13,1762,5
13,4586,5
13,2372,5
13,2524,5
13,2225,5
13,4292,5
13,2508,5
13,1754,5
13,4107,5
13,2295,5
13,2068,5
13,2730,5
13,1983,5
13,2678,5
13,4577,5
13,2752,5
13,2348,5
13,1922,5
13,1647,5
13,2137,5
13,1783,5
13,4302,5
13,1766,5
13,4364,5
13,2119,5
13,2773,5
13,4445,5
13,1941,5
13,2647,5
13,4289,5
13,1851,5
13,4187,5
13,2512,5
13,2539,5
13,1910,5
13,2324,5
13,4238,5
13,4369,5
13,2756,5
13,4544,5
13,1846,5
13,4610,5
13,1638,5
13,2375,5
13,4355,5
13,2291,5
13,1728,5
13,1888,5
13,2643,5
13,4351,5
13,4345,5
13,4315,5
13,2577,5
13,2038,5
13,2451,5
13,2249,5
13,2548,5
13,2051,5
13,1953,5
13,4310,5
13,1743,5
14,1826,5
14,4339,5
14,2196,5
14,2163,5
14,2008,5
14,2255,5
14,2132,5
14,4325,5
14,4336,5
14,2216,5
14,2389,5
14,2416,5
14,2089,5
14,2588,5
14,4387,5
14,2206,5
14,2184,5
14,2736,5
14,4342,5
14,2111,5
14,2310,5
14,1815,5
14,2156,5
14,4619,5
14,2490,5
14,1881,5
14,2682,5
14,1927,5
14,2212,5
14,1682,5
14,2316,5
14,4251,5
14,4616,5
14,2084,5
14,4597,5
14,1867,5
14,1874,5
14,4672,5
14,2711,5
14,4372,5
14,1994,5
14,1934,5
14,2563,5
14,2106,5
14,2176,5
14,2062,5
14,2355,5
14,1989,5
14,1686,5
14,1858,5
14,4375,5
14,4366,5
14,2232,5
14,1830,5
14,2143,5
14,1903,5
14,2590,5
14,2475,5
14,2245,5
14,1645,5
14,4636,5
14,4630,5
14,2397,5
14,1636,5
14,4164,5
14,4138,5
14,2705,5
14,2236,5
14,1771,5
14,2399,5
14,4680,5
14,4378,5
14,2424,5
14,1703,5
14,1705,5
14,4460,5
14,4612,5
14,1895,5
14,2042,5
14,4331,5
14,2363,5
14,1671,5
14,2018,5
14,4319,5
14,2268,5
14,4313,5
14,2278,5
14,2443,5
14,1640,5
14,2420,5
14,1777,5
14,2286,5
14,1722,5
14,4426,5
14,2305,5
14,2662,5
14,4651,5
14,1680,5
14,2275,5
14,4307,5
14,2335,5
14,4294,5
14,4153,5
14,2166,5
14,1664,5
14,2030,5
14,4507,5
14,2598,5
14,2630,5
14,2096,5
14,4528,5
14,4421,5
14,2458,5
14,2718,5
14,2079,5
14,4499,5
14,1960,5
14,1707,5
14,2072,5
14,4297,5
14,4268,5
14,1861,5
14,4434,5
14,1947,5
14,2696,5
14,4321,5
14,2394,5
14,2046,5
14,2614,5
14,2341,5
14,4357,5
14,4205,5
14,1974,5
14,2002,5
14,2023,5
14,2439,5
14,4621,5
14,1966,5
14,2151,5
14,1914,5
14,1667,5
14,1684,5
14,2410,5
14,4231,5
14,2504,5
14,2300,5
14,4221,5
14,4570,5
14,4285,5
14,2125,5
14,2101,5
14,2013,5
14,4423,5
14,2560,5
14,2623,5
14,2381,5
14,2190,5
14,2535,5
14,2430,5
14,4328,5
14,1724,5
14,2057,5
14,4348,5
14,1835,5
14,2552,5
14,1733,5
14,4519,5
14,1762,5
14,4586,5
14,2372,5
14,2524,5
14,2225,5
14,4292,5
14,2508,5
14,1754,5
14,4107,5
14,2295,5
14,2068,5
14,2730,5
14,1983,5
14,2678,5
14,4577,5
14,2752,5
14,2348,5
14,1922,5
14,1647,5
14,2137,5
14,1783,5
14,4302,5
14,1766,5
14,4364,5
14,2119,5
14,2773,5
14,4445,5
15,1826,5
15,4339,5
15,2196,5
15,2163,5
15,2008,5
15,2255,5
15,2132,5
15,4325,5
15,4336,5
15,2216,5
15,2389,5
15,2416,5
15,2089,5
15,2588,5
15,4387,5
15,2206,5
15,2184,5
15,2736,5
15,4342,5
15,2111,5
15,2310,5
15,1815,5
15,2156,5
15,4619,5
15,2490,5
15,1881,5
15,2682,5
15,1927,5
15,2212,5
15,1682,5
15,2316,5
15,4251,5
15,4616,5
15,2084,5
15,4597,5
15,1867,5
15,1874,5
15,4672,5
15,2711,5
15,4372,5
15,1994,5
15,1934,5
15,2563,5
15,2106,5
15,2176,5
15,2062,5
15,2355,5
15,1989,5
15,1686,5
15,1858,5
15,4375,5
15,4366,5
15,2232,5
15,1830,5
15,2143,5
15,1903,5
15,2590,5
15,2475,5
15,2245,5
15,1645,5
15,4636,5
15,4630,5
15,2397,5
15,1636,5
15,4164,5
15,4138,5
15,2705,5
15,2236,5
15,1771,5
15,2399,5
15,4680,5
15,4378,5
15,2424,5
15,1703,5
15,1705,5
15,4460,5
15,4612,5
15,1895,5
15,2042,5
15,4331,5
15,2363,5
15,1671,5
15,2018,5
15,4319,5
15,2268,5
15,4313,5
15,2278,5
15,2443,5
15,1640,5
15,2420,5
15,1777,5
15,2286,5
15,1722,5
15,4426,5
15,2305,5
15,2662,5
15,4651,5
15,1680,5
15,2275,5
15,4307,5
15,2335,5
15,4294,5
15,4153,5
15,2166,5
15,1664,5
15,2030,5
15,4507,5
15,2598,5
15,2630,5
15,2096,5
15,4528,5
15,4421,5
15,2458,5
15,2718,5
15,2079,5
15,4499,5
15,1960,5
15,1707,5
15,2072,5
15,4297,5
15,4268,5
15,1861,5
15,4434,5
15,1947,5
15,2696,5
15,4321,5
15,2394,5
15,2046,5
15,2614,5
15,2341,5
15,4357,5
15,4205,5
15,1974,5
15,2002,5
16,1826,5
16,4339,5
16,2196,5
16,2163,5
16,2008,5
16,2255,5
16,2132,5
16,4325,5
16,4336,5
16,2216,5
16,2389,5
16,2416,5
16,2089,5
16,2588,5
16,4387,5
16,2206,5
16,2184,5
16,2736,5
16,4342,5
16,2111,5
16,2310,5
16,1815,5
16,2156,5
16,4619,5
16,2490,5
16,1881,5
16,2682,5
16,1927,5
16,2212,5
16,1682,5
16,2316,5
16,4251,5
16,4616,5
16,2084,5
16,4597,5
16,1867,5
16,1874,5
16,4672,5
16,2711,5
16,4372,5
16,1994,5
16,1934,5
16,2563,5
16,2106,5
16,2176,5
16,2062,5
16,2355,5
16,1989,5
16,1686,5
16,1858,5
16,4375,5
16,4366,5
16,2232,5
16,1830,5
16,2143,5
16,1903,5
16,2590,5
16,2475,5
16,2245,5
16,1645,5
16,4636,5
16,4630,5
16,2397,5
16,1636,5
16,4164,5
16,4138,5
16,2705,5
16,2236,5
16,1771,5
16,2399,5
16,4680,5
16,4378,5
16,2424,5
16,1703,5
16,1705,5
16,4460,5
16,4612,5
16,1895,5
16,2042,5
16,4331,5
16,2363,5
16,1671,5
16,2018,5
16,4319,5
16,2268,5
16,4313,5
16,2278,5
16,2443,5
16,1640,5
16,2420,5
16,1777,5
16,2286,5
16,1722,5
16,4426,5
16,2305,5
16,2662,5
16,4651,5
16,1680,5
16,2275,5
16,4307,5
16,2335,5
16,4294,5
16,4153,5
16,2166,5
16,1664,5
16,2030,5
16,4507,5
16,2598,5
16,2630,5
16,2096,5
16,4528,5
16,4421,5
16,2458,5
16,2718,5
16,2079,5
16,4499,5
16,1960,5
16,1707,5
16,2072,5
16,4297,5
16,4268,5
16,1861,5
16,4434,5
16,1947,5
16,2696,5
16,4321,5
16,2394,5
16,2046,5
16,2614,5
16,2341,5
16,4357,5
16,4205,5
16,1974,5
16,2002,5
16,2023,5
16,2439,5
16,4621,5
16,1966,5
16,2151,5
16,1914,5
16,1667,5
16,1684,5
16,2410,5
16,4231,5
16,2504,5
16,2300,5
16,4221,5
16,4570,5
16,4285,5
16,2125,5
16,2101,5
16,2013,5
16,4423,5
16,2560,5
16,2623,5
16,2381,5
16,2190,5
16,2535,5
16,2430,5
16,4328,5
16,1724,5
16,2057,5
16,4348,5
16,1835,5
16,2552,5
16,1733,5
16,4519,5
16,1762,5
16,4586,5
16,2372,5
16,2524,5
16,2225,5
16,4292,5
16,2508,5
16,1754,5
16,4107,5
16,2295,5
16,2068,5
16,2730,5
16,1983,5
16,2678,5
16,4577,5
16,2752,5
16,2348,5
16,1922,5
16,1647,5
16,2137,5
16,1783,5
16,4302,5
16,1766,5
16,4364,5
16,2119,5
16,2773,5
16,4445,5
16,1941,5
16,2647,5
16,4289,5
16,1851,5
16,4187,5
16,2512,5
16,2539,5
16,1910,5
16,2324,5
16,4238,5
16,4369,5
16,2756,5
16,4544,5
16,1846,5
16,4610,5
16,1638,5
16,2375,5
16,4355,5
16,2291,5
16,1728,5
16,1888,5
16,2643,5
16,4351,5
16,4345,5
16,4315,5
16,2577,5
16,2038,5
16,2451,5
17,1826,5
17,4339,5
17,2196,5
17,2163,5
17,2008,5
17,2255,5
17,2132,5
17,4325,5
17,4336,5
17,2216,5
17,2389,5
17,2416,5
17,2089,5
17,2588,5
17,4387,5
17,2206,5
17,2184,5
17,2736,5
17,4342,5
17,2111,5
17,2310,5
17,1815,5
17,2156,5
17,4619,5
17,2490,5
17,1881,5
17,2682,5
17,1927,5
17,2212,5
17,1682,5
17,2316,5
17,4251,5
17,4616,5
17,2084,5
17,4597,5
17,1867,5
17,1874,5
17,4672,5
17,2711,5
17,4372,5
17,1994,5
17,1934,5
17,2563,5
17,2106,5
17,2176,5
17,2062,5
17,2355,5
17,1989,5
17,1686,5
17,1858,5
17,4375,5
17,4366,5
17,2232,5
17,1830,5
17,2143,5
17,1903,5
17,2590,5
17,2475,5
17,2245,5
17,1645,5
17,4636,5
17,4630,5
17,2397,5
17,1636,5
17,4164,5
17,4138,5
17,2705,5
17,2236,5
17,1771,5
17,2399,5
17,4680,5
17,4378,5
17,2424,5
17,1703,5
17,1705,5
17,4460,5
17,4612,5
17,1895,5
17,2042,5
17,4331,5
17,2363,5
17,1671,5
17,2018,5
17,4319,5
17,2268,5
17,4313,5
17,2278,5
17,2443,5
17,1640,5
17,2420,5
17,1777,5
17,2286,5
17,1722,5
17,4426,5
17,2305,5
17,2662,5
17,4651,5
17,1680,5
17,2275,5
17,4307,5
17,2335,5
17,4294,5
17,4153,5
17,2166,5
17,1664,5
17,2030,5
17,4507,5
17,2598,5
17,2630,5
17,2096,5
17,4528,5
17,4421,5
17,2458,5
17,2718,5
17,2079,5
17,4499,5
17,1960,5
17,1707,5
17,2072,5
17,4297,5
17,4268,5
17,1861,5
17,4434,5
17,1947,5
17,2696,5
17,4321,5
17,2394,5
17,2046,5
17,2614,5
17,2341,5
17,4357,5
18,1826,5
18,4339,5
18,2196,5
18,2163,5
18,2008,5
18,2255,5
18,2132,5
18,4325,5
18,4336,5
18,2216,5
18,2389,5
18,2416,5
18,2089,5
18,2588,5
18,4387,5
18,2206,5
18,2184,5
18,2736,5
18,4342,5
18,2111,5
18,2310,5
18,1815,5
18,2156,5
18,4619,5
18,2490,5
18,1881,5
18,2682,5
18,1927,5
18,2212,5
18,1682,5
18,2316,5
18,4251,5
18,4616,5
18,2084,5
18,4597,5
18,1867,5
18,1874,5
18,4672,5
18,2711,5
18,4372,5
18,1994,5
18,1934,5
18,2563,5
18,2106,5
18,2176,5
18,2062,5
18,2355,5
18,1989,5
18,1686,5
18,1858,5
18,4375,5
18,4366,5
18,2232,5
18,1830,5
18,2143,5
18,1903,5
18,2590,5
18,2475,5
18,2245,5
18,1645,5
18,4636,5
18,4630,5
18,2397,5
18,1636,5
18,4164,5
18,4138,5
18,2705,5
18,2236,5
18,1771,5
18,2399,5
18,4680,5
18,4378,5
18,2424,5
18,1703,5
18,1705,5
18,4460,5
18,4612,5
18,1895,5
18,2042,5
18,4331,5
18,2363,5
18,1671,5
18,2018,5
18,4319,5
18,2268,5
18,4313,5
18,2278,5
18,2443,5
18,1640,5
18,2420,5
18,1777,5
18,2286,5
18,1722,5
18,4426,5
18,2305,5
18,2662,5
18,4651,5
18,1680,5
18,2275,5
18,4307,5
18,2335,5
18,4294,5
18,4153,5
18,2166,5
18,1664,5
18,2030,5
18,4507,5
18,2598,5
18,2630,5
18,2096,5
18,4528,5
18,4421,5
18,2458,5
18,2718,5
18,2079,5
18,4499,5
18,1960,5
18,1707,5
18,2072,5
18,4297,5
18,4268,5
18,1861,5
18,4434,5
18,1947,5
18,2696,5
18,4321,5
18,2394,5
18,2046,5
18,2614,5
18,2341,5
18,4357,5
18,4205,5
18,1974,5
18,2002,5
18,2023,5
18,2439,5
18,4621,5
18,1966,5
18,2151,5
18,1914,5
18,1667,5
18,1684,5
18,2410,5
18,4231,5
18,2504,5
18,2300,5
18,4221,5
18,4570,5
18,4285,5
18,2125,5
18,2101,5
18,2013,5
18,4423,5
18,2560,5
18,2623,5
18,2381,5
18,2190,5
18,2535,5
18,2430,5
18,4328,5
18,1724,5
18,2057,5
18,4348,5
18,1835,5
18,2552,5
18,1733,5
18,4519,5
18,1762,5
18,4586,5
18,2372,5
18,2524,5
18,2225,5
18,4292,5
18,2508,5
18,1754,5
18,4107,5
18,2295,5
18,2068,5
18,2730,5
18,1983,5
18,2678,5
18,4577,5
18,2752,5
18,2348,5
18,1922,5
18,1647,5
18,2137,5
18,1783,5
18,4302,5
18,1766,5
18,4364,5
18,2119,5
18,2773,5
18,4445,5
18,1941,5
18,2647,5
18,4289,5
18,1851,5
18,4187,5
18,2512,5
18,2539,5
18,1910,5
18,2324,5
18,4238,5
18,4369,5
18,2756,5
19,1826,5
19,4339,5
19,2196,5
19,2163,5
19,2008,5
19,2255,5
19,2132,5
19,4325,5
19,4336,5
19,2216,5
19,2389,5
19,2416,5
19,2089,5
19,2588,5
19,4387,5
19,2206,5
19,2184,5
19,2736,5
19,4342,5
19,2111,5
19,2310,5
19,1815,5
19,2156,5
19,4619,5
19,2490,5
19,1881,5
19,2682,5
19,1927,5
19,2212,5
19,1682,5
19,2316,5
19,4251,5
19,4616,5
19,2084,5
19,4597,5
19,1867,5
19,1874,5
19,4672,5
19,2711,5
19,4372,5
19,1994,5
19,1934,5
19,2563,5
19,2106,5
19,2176,5
19,2062,5
19,2355,5
19,1989,5
19,1686,5
19,1858,5
19,4375,5
19,4366,5
19,2232,5
19,1830,5
19,2143,5
19,1903,5
19,2590,5
19,2475,5
19,2245,5
19,1645,5
19,4636,5
19,4630,5
19,2397,5
19,1636,5
19,4164,5
19,4138,5
19,2705,5
19,2236,5
19,1771,5
19,2399,5
19,4680,5
19,4378,5
19,2424,5
19,1703,5
19,1705,5
19,4460,5
19,4612,5
19,1895,5
19,2042,5
19,4331,5
19,2363,5
19,1671,5
19,2018,5
19,4319,5
19,2268,5
19,4313,5
19,2278,5
19,2443,5
19,1640,5
19,2420,5
19,1777,5
19,2286,5
19,1722,5
19,4426,5
19,2305,5
19,2662,5
19,4651,5
19,1680,5
19,2275,5
19,4307,5
19,2335,5
19,4294,5
19,4153,5
19,2166,5
19,1664,5
19,2030,5
19,4507,5
19,2598,5
19,2630,5
19,2096,5
19,4528,5
19,4421,5
19,2458,5
19,2718,5
19,2079,5
19,4499,5
19,1960,5
19,1707,5
19,2072,5
19,4297,5
19,4268,5
19,1861,5
19,4434,5
19,1947,5
19,2696,5
19,4321,5
19,2394,5
19,2046,5
19,2614,5
19,2341,5
19,4357,5
19,4205,5
19,1974,5
19,2002,5
19,2023,5
19,2439,5
19,4621,5
19,1966,5
19,2151,5
19,1914,5
19,1667,5
19,1684,5
19,2410,5
19,4231,5
19,2504,5
19,2300,5
19,4221,5
19,4570,5
19,4285,5
19,2125,5
19,2101,5
19,2013,5
19,4423,5
19,2560,5
19,2623,5
19,2381,5
19,2190,5
19,2535,5
19,2430,5
19,4328,5
19,1724,5
19,2057,5
19,4348,5
19,1835,5
19,2552,5
19,1733,5
19,4519,5
19,1762,5
19,4586,5
19,2372,5
19,2524,5
19,2225,5
19,4292,5
19,2508,5
19,1754,5
19,4107,5
19,2295,5
19,2068,5
19,2730,5
19,1983,5
19,2678,5
19,4577,5
19,2752,5
19,2348,5
19,1922,5
19,1647,5
19,2137,5
19,1783,5
19,4302,5
19,1766,5
19,4364,5
19,2119,5
19,2773,5
19,4445,5
19,1941,5
19,2647,5
19,4289,5
19,1851,5
19,4187,5
19,2512,5
19,2539,5
19,1910,5
19,2324,5
19,4238,5
19,4369,5
19,2756,5
19,4544,5
19,1846,5
19,4610,5
19,1638,5
19,2375,5
19,4355,5
19,2291,5
20,1826,5
20,4339,5
20,2196,5
20,2163,5
20,2008,5
20,2255,5
20,2132,5
20,4325,5
20,4336,5
20,2216,5
20,2389,5
20,2416,5
20,2089,5
20,2588,5
20,4387,5
20,2206,5
20,2184,5
20,2736,5
20,4342,5
20,2111,5
20,2310,5
20,1815,5
20,2156,5
20,4619,5
20,2490,5
20,1881,5
20,2682,5
20,1927,5
20,2212,5
20,1682,5
20,2316,5
20,4251,5
20,4616,5
20,2084,5
20,4597,5
20,1867,5
20,1874,5
20,4672,5
20,2711,5
20,4372,5
20,1994,5
20,1934,5
20,2563,5
20,2106,5
20,2176,5
20,2062,5
20,2355,5
20,1989,5
20,1686,5
20,1858,5
20,4375,5
20,4366,5
20,2232,5
20,1830,5
20,2143,5
20,1903,5
20,2590,5
20,2475,5
20,2245,5
20,1645,5
20,4636,5
20,4630,5
20,2397,5
20,1636,5
20,4164,5
20,4138,5
20,2705,5
20,2236,5
20,1771,5
20,2399,5
20,4680,5
20,4378,5
20,2424,5
20,1703,5
20,1705,5
20,4460,5
20,4612,5
20,1895,5
20,2042,5
20,4331,5
20,2363,5
20,1671,5
20,2018,5
20,4319,5
20,2268,5
20,4313,5
20,2278,5
20,2443,5
20,1640,5
20,2420,5
20,1777,5
20,2286,5
20,1722,5
20,4426,5
20,2305,5
20,2662,5
20,4651,5
20,1680,5
20,2275,5
20,4307,5
20,2335,5
20,4294,5
20,4153,5
20,2166,5
20,1664,5
20,2030,5
20,4507,5
20,2598,5
20,2630,5
20,2096,5
20,4528,5
20,4421,5
20,2458,5
20,2718,5
20,2079,5
20,4499,5
20,1960,5
20,1707,5
20,2072,5
20,4297,5
20,4268,5
20,1861,5
20,4434,5
20,1947,5
20,2696,5
20,4321,5
20,2394,5
20,2046,5
20,2614,5
20,2341,5
20,4357,5
20,4205,5
20,1974,5
20,2002,5
20,2023,5
20,2439,5
20,4621,5
20,1966,5
20,2151,5
20,1914,5
20,1667,5
20,1684,5
20,2410,5
20,4231,5
20,2504,5
20,2300,5
20,4221,5
20,4570,5
20,4285,5
20,2125,5
20,2101,5
20,2013,5
20,4423,5
20,2560,5
20,2623,5
20,2381,5
20,2190,5
20,2535,5
20,2430,5
20,4328,5
20,1724,5
20,2057,5
20,4348,5
20,1835,5
20,2552,5
20,1733,5
20,4519,5
20,1762,5
20,4586,5
20,2372,5
20,2524,5
20,2225,5
20,4292,5
20,2508,5
20,1754,5
20,4107,5
20,2295,5
20,2068,5
20,2730,5
20,1983,5
20,2678,5
20,4577,5
20,2752,5
20,2348,5
20,1922,5
20,1647,5
20,2137,5
20,1783,5
20,4302,5
20,1766,5
20,4364,5
20,2119,5
20,2773,5
20,4445,5
20,1941,5
21,1826,5
21,4339,5
21,2196,5
21,2163,5
21,2008,5
21,2255,5
21,2132,5
21,4325,5
21,4336,5
21,2216,5
21,2389,5
21,2416,5
21,2089,5
21,2588,5
21,4387,5
21,2206,5
21,2184,5
21,2736,5
21,4342,5
21,2111,5
21,2310,5
21,1815,5
21,2156,5
21,4619,5
21,2490,5
21,1881,5
21,2682,5
21,1927,5
21,2212,5
21,1682,5
21,2316,5
21,4251,5
21,4616,5
21,2084,5
21,4597,5
21,1867,5
21,1874,5
21,4672,5
21,2711,5
21,4372,5
21,1994,5
21,1934,5
21,2563,5
21,2106,5
21,2176,5
21,2062,5
21,2355,5
21,1989,5
21,1686,5
21,1858,5
21,4375,5
21,4366,5
21,2232,5
21,1830,5
21,2143,5
21,1903,5
21,2590,5
21,2475,5
21,2245,5
21,1645,5
21,4636,5
21,4630,5
21,2397,5
21,1636,5
21,4164,5
21,4138,5
21,2705,5
21,2236,5
21,1771,5
21,2399,5
21,4680,5
21,4378,5
21,2424,5
21,1703,5
21,1705,5
21,4460,5
21,4612,5
21,1895,5
21,2042,5
21,4331,5
21,2363,5
21,1671,5
21,2018,5
21,4319,5
21,2268,5
21,4313,5
21,2278,5
21,2443,5
21,1640,5
21,2420,5
21,1777,5
21,2286,5
21,1722,5
21,4426,5
21,2305,5
21,2662,5
21,4651,5
21,1680,5
21,2275,5
21,4307,5
21,2335,5
21,4294,5
21,4153,5
21,2166,5
21,1664,5
21,2030,5
21,4507,5
21,2598,5
21,2630,5
21,2096,5
21,4528,5
21,4421,5
21,2458,5
21,2718,5
21,2079,5
21,4499,5
21,1960,5
21,1707,5
21,2072,5
21,4297,5
21,4268,5
21,1861,5
21,4434,5
21,1947,5
21,2696,5
21,4321,5
21,2394,5
21,2046,5
21,2614,5
21,2341,5
21,4357,5
21,4205,5
21,1974,5
21,2002,5
21,2023,5
21,2439,5
21,4621,5
21,1966,5
21,2151,5
21,1914,5
21,1667,5
21,1684,5
21,2410,5
21,4231,5
21,2504,5
21,2300,5
21,4221,5
21,4570,5
21,4285,5
21,2125,5
21,2101,5
21,2013,5
21,4423,5
21,2560,5
21,2623,5
21,2381,5
21,2190,5
21,2535,5
21,2430,5
21,4328,5
21,1724,5
21,2057,5
21,4348,5
21,1835,5
21,2552,5
21,1733,5
21,4519,5
21,1762,5
21,4586,5
21,2372,5
21,2524,5
21,2225,5
21,4292,5
21,2508,5
21,1754,5
21,4107,5
21,2295,5
21,2068,5
21,2730,5
21,1983,5
22,1826,5
22,4339,5
22,2196,5
22,2163,5
22,2008,5
22,2255,5
22,2132,5
22,4325,5
22,4336,5
22,2216,5
22,2389,5
22,2416,5
22,2089,5
22,2588,5
22,4387,5
22,2206,5
22,2184,5
22,2736,5
22,4342,5
22,2111,5
22,2310,5
22,1815,5
22,2156,5
22,4619,5
22,2490,5
22,1881,5
22,2682,5
22,1927,5
22,2212,5
22,1682,5
22,2316,5
22,4251,5
22,4616,5
22,2084,5
22,4597,5
22,1867,5
22,1874,5
22,4672,5
22,2711,5
22,4372,5
22,1994,5
22,1934,5
22,2563,5
22,2106,5
22,2176,5
22,2062,5
22,2355,5
22,1989,5
22,1686,5
22,1858,5
22,4375,5
22,4366,5
22,2232,5
22,1830,5
22,2143,5
22,1903,5
22,2590,5
22,2475,5
22,2245,5
22,1645,5
22,4636,5
22,4630,5
22,2397,5
22,1636,5
22,4164,5
22,4138,5
22,2705,5
22,2236,5
22,1771,5
22,2399,5
22,4680,5
22,4378,5
22,2424,5
22,1703,5
22,1705,5
22,4460,5
22,4612,5
22,1895,5
22,2042,5
22,4331,5
22,2363,5
22,1671,5
22,2018,5
22,4319,5
22,2268,5
22,4313,5
22,2278,5
22,2443,5
22,1640,5
22,2420,5
22,1777,5
22,2286,5
22,1722,5
22,4426,5
22,2305,5
22,2662,5
22,4651,5
22,1680,5
22,2275,5
22,4307,5
22,2335,5
22,4294,5
22,4153,5
22,2166,5
22,1664,5
22,2030,5
22,4507,5
22,2598,5
22,2630,5
22,2096,5
22,4528,5
22,4421,5
22,2458,5
22,2718,5
22,2079,5
22,4499,5
22,1960,5
22,1707,5
22,2072,5
22,4297,5
22,4268,5
22,1861,5
22,4434,5
22,1947,5
22,2696,5
22,4321,5
22,2394,5
22,2046,5
22,2614,5
22,2341,5
22,4357,5
22,4205,5
22,1974,5
22,2002,5
22,2023,5
22,2439,5
22,4621,5
22,1966,5
22,2151,5
22,1914,5
22,1667,5
22,1684,5
22,2410,5
22,4231,5
22,2504,5
22,2300,5
22,4221,5
22,4570,5
22,4285,5
22,2125,5
22,2101,5
22,2013,5
22,4423,5
22,2560,5
22,2623,5
22,2381,5
22,2190,5
22,2535,5
22,2430,5
22,4328,5
22,1724,5
22,2057,5
22,4348,5
22,1835,5
22,2552,5
22,1733,5
22,4519,5
22,1762,5
22,4586,5
22,2372,5
22,2524,5
22,2225,5
22,4292,5
22,2508,5
22,1754,5
22,4107,5
22,2295,5
22,2068,5
22,2730,5
22,1983,5
22,2678,5
22,4577,5
22,2752,5
22,2348,5
22,1922,5
22,1647,5
22,2137,5
22,1783,5
22,4302,5
22,1766,5
22,4364,5
22,2119,5
22,2773,5
22,4445,5
22,1941,5
22,2647,5
22,4289,5
22,1851,5
22,4187,5
22,2512,5
22,2539,5
22,1910,5
22,2324,5
22,4238,5
22,4369,5
22,2756,5
22,4544,5
22,1846,5
22,4610,5
22,1638,5
22,2375,5
22,4355,5
22,2291,5
22,1728,5
22,1888,5
22,2643,5
22,4351,5
22,4345,5
22,4315,5
22,2577,5
23,1826,5
23,4339,5
23,2196,5
23,2163,5
23,2008,5
23,2255,5
23,2132,5
23,4325,5
23,4336,5
23,2216,5
23,2389,5
23,2416,5
23,2089,5
23,2588,5
23,4387,5
23,2206,5
23,2184,5
23,2736,5
23,4342,5
23,2111,5
23,2310,5
23,1815,5
23,2156,5
23,4619,5
23,2490,5
23,1881,5
23,2682,5
23,1927,5
23,2212,5
23,1682,5
23,2316,5
23,4251,5
23,4616,5
23,2084,5
23,4597,5
23,1867,5
23,1874,5
23,4672,5
23,2711,5
23,4372,5
23,1994,5
23,1934,5
23,2563,5
23,2106,5
23,2176,5
23,2062,5
23,2355,5
23,1989,5
23,1686,5
23,1858,5
23,4375,5
23,4366,5
23,2232,5
23,1830,5
23,2143,5
23,1903,5
23,2590,5
23,2475,5
23,2245,5
23,1645,5
23,4636,5
23,4630,5
23,2397,5
23,1636,5
23,4164,5
23,4138,5
23,2705,5
23,2236,5
23,1771,5
23,2399,5
23,4680,5
23,4378,5
23,2424,5
23,1703,5
23,1705,5
23,4460,5
23,4612,5
23,1895,5
23,2042,5
23,4331,5
23,2363,5
23,1671,5
23,2018,5
23,4319,5
23,2268,5
23,4313,5
23,2278,5
23,2443,5
23,1640,5
23,2420,5
23,1777,5
23,2286,5
23,1722,5
23,4426,5
23,2305,5
23,2662,5
23,4651,5
23,1680,5
23,2275,5
23,4307,5
23,2335,5
23,4294,5
23,4153,5
23,2166,5
23,1664,5
23,2030,5
23,4507,5
23,2598,5
23,2630,5
23,2096,5
23,4528,5
23,4421,5
23,2458,5
23,2718,5
23,2079,5
23,4499,5
23,1960,5
23,1707,5
23,2072,5
23,4297,5
23,4268,5
23,1861,5
23,4434,5
23,1947,5
23,2696,5
23,4321,5
23,2394,5
23,2046,5
23,2614,5
23,2341,5
23,4357,5
23,4205,5
23,1974,5
23,2002,5
23,2023,5
23,2439,5
23,4621,5
23,1966,5
23,2151,5
23,1914,5
23,1667,5
23,1684,5
23,2410,5
23,4231,5
23,2504,5
23,2300,5
23,4221,5
23,4570,5
23,4285,5
23,2125,5
23,2101,5
23,2013,5
23,4423,5
23,2560,5
23,2623,5
23,2381,5
23,2190,5
23,2535,5
23,2430,5
23,4328,5
23,1724,5
24,1826,5
24,4339,5
24,2196,5
24,2163,5
24,2008,5
24,2255,5
24,2132,5
24,4325,5
24,4336,5
24,2216,5
24,2389,5
24,2416,5
24,2089,5
24,2588,5
24,4387,5
24,2206,5
24,2184,5
24,2736,5
24,4342,5
24,2111,5
24,2310,5
24,1815,5
24,2156,5
24,4619,5
24,2490,5
24,1881,5
24,2682,5
24,1927,5
24,2212,5
24,1682,5
24,2316,5
24,4251,5
24,4616,5
24,2084,5
24,4597,5
24,1867,5
24,1874,5
24,4672,5
24,2711,5
24,4372,5
24,1994,5
24,1934,5
24,2563,5
24,2106,5
24,2176,5
24,2062,5
24,2355,5
24,1989,5
24,1686,5
24,1858,5
24,4375,5
24,4366,5
24,2232,5
24,1830,5
24,2143,5
24,1903,5
24,2590,5
24,2475,5
24,2245,5
24,1645,5
24,4636,5
24,4630,5
24,2397,5
24,1636,5
24,4164,5
24,4138,5
24,2705,5
24,2236,5
24,1771,5
24,2399,5
24,4680,5
24,4378,5
24,2424,5
24,1703,5
24,1705,5
24,4460,5
24,4612,5
24,1895,5
24,2042,5
24,4331,5
24,2363,5
24,1671,5
24,2018,5
24,4319,5
24,2268,5
24,4313,5
24,2278,5
24,2443,5
24,1640,5
24,2420,5
24,1777,5
24,2286,5
24,1722,5
24,4426,5
24,2305,5
24,2662,5
24,4651,5
24,1680,5
24,2275,5
24,4307,5
24,2335,5
24,4294,5
24,4153,5
24,2166,5
24,1664,5
24,2030,5
24,4507,5
24,2598,5
24,2630,5
24,2096,5
24,4528,5
24,4421,5
24,2458,5
24,2718,5
24,2079,5
24,4499,5
24,1960,5
24,1707,5
24,2072,5
24,4297,5
24,4268,5
24,1861,5
24,4434,5
24,1947,5
24,2696,5
24,4321,5
24,2394,5
24,2046,5
24,2614,5
24,2341,5
24,4357,5
24,4205,5
24,1974,5
24,2002,5
24,2023,5
24,2439,5
24,4621,5
24,1966,5
24,2151,5
24,1914,5
24,1667,5
24,1684,5
24,2410,5
24,4231,5
24,2504,5
24,2300,5
24,4221,5
24,4570,5
24,4285,5
24,2125,5
24,2101,5
24,2013,5
24,4423,5
24,2560,5
24,2623,5
24,2381,5
24,2190,5
24,2535,5
24,2430,5
24,4328,5
24,1724,5
24,2057,5
24,4348,5
24,1835,5
24,2552,5
24,1733,5
24,4519,5
24,1762,5
24,4586,5
24,2372,5
24,2524,5
24,2225,5
24,4292,5
24,2508,5
24,1754,5
24,4107,5
24,2295,5
24,2068,5
24,2730,5
24,1983,5
24,2678,5
24,4577,5
24,2752,5
24,2348,5
24,1922,5
24,1647,5
24,2137,5
24,1783,5
24,4302,5
24,1766,5
24,4364,5
24,2119,5
24,2773,5
24,4445,5
24,1941,5
24,2647,5
24,4289,5
24,1851,5
24,4187,5
24,2512,5
24,2539,5
24,1910,5
24,2324,5
24,4238,5
24,4369,5
25,1826,5
25,4339,5
25,2196,5
25,2163,5
25,2008,5
25,2255,5
25,2132,5
25,4325,5
25,4336,5
25,2216,5
25,2389,5
25,2416,5
25,2089,5
25,2588,5
25,4387,5
25,2206,5
25,2184,5
25,2736,5
25,4342,5
25,2111,5
25,2310,5
25,1815,5
25,2156,5
25,4619,5
25,2490,5
25,1881,5
25,2682,5
25,1927,5
25,2212,5
25,1682,5
25,2316,5
25,4251,5
25,4616,5
25,2084,5
25,4597,5
25,1867,5
25,1874,5
25,4672,5
25,2711,5
25,4372,5
25,1994,5
25,1934,5
25,2563,5
25,2106,5
25,2176,5
25,2062,5
25,2355,5
25,1989,5
25,1686,5
25,1858,5
25,4375,5
25,4366,5
25,2232,5
25,1830,5
25,2143,5
25,1903,5
25,2590,5
25,2475,5
25,2245,5
25,1645,5
25,4636,5
25,4630,5
25,2397,5
25,1636,5
25,4164,5
25,4138,5
25,2705,5
25,2236,5
25,1771,5
25,2399,5
25,4680,5
25,4378,5
25,2424,5
25,1703,5
25,1705,5
25,4460,5
25,4612,5
25,1895,5
25,2042,5
25,4331,5
25,2363,5
25,1671,5
25,2018,5
25,4319,5
25,2268,5
25,4313,5
25,2278,5
25,2443,5
25,1640,5
25,2420,5
25,1777,5
25,2286,5
25,1722,5
25,4426,5
25,2305,5
25,2662,5
25,4651,5
25,1680,5
25,2275,5
25,4307,5
25,2335,5
25,4294,5
25,4153,5
25,2166,5
25,1664,5
25,2030,5
25,4507,5
25,2598,5
25,2630,5
25,2096,5
25,4528,5
25,4421,5
25,2458,5
25,2718,5
25,2079,5
25,4499,5
25,1960,5
25,1707,5
25,2072,5
25,4297,5
25,4268,5
25,1861,5
25,4434,5
25,1947,5
25,2696,5
25,4321,5
25,2394,5
25,2046,5
25,2614,5
25,2341,5
25,4357,5
25,4205,5
25,1974,5
25,2002,5
25,2023,5
25,2439,5
25,4621,5
25,1966,5
25,2151,5
25,1914,5
25,1667,5
25,1684,5
25,2410,5
25,4231,5
25,2504,5
25,2300,5
25,4221,5
25,4570,5
25,4285,5
25,2125,5
25,2101,5
25,2013,5
25,4423,5
25,2560,5
25,2623,5
25,2381,5
25,2190,5
25,2535,5
25,2430,5
25,4328,5
25,1724,5
25,2057,5
25,4348,5
25,1835,5
25,2552,5
25,1733,5
25,4519,5
25,1762,5
25,4586,5
25,2372,5
25,2524,5
25,2225,5
25,4292,5
25,2508,5
25,1754,5
25,4107,5
25,2295,5
25,2068,5
25,2730,5
25,1983,5
25,2678,5
25,4577,5
25,2752,5
25,2348,5
25,1922,5
25,1647,5
26,1826,5
26,4339,5
26,2196,5
26,2163,5
26,2008,5
26,2255,5
26,2132,5
26,4325,5
26,4336,5
26,2216,5
26,2389,5
26,2416,5
26,2089,5
26,2588,5
26,4387,5
26,2206,5
26,2184,5
26,2736,5
26,4342,5
26,2111,5
26,2310,5
26,1815,5
26,2156,5
26,4619,5
26,2490,5
26,1881,5
26,2682,5
26,1927,5
26,2212,5
26,1682,5
26,2316,5
26,4251,5
26,4616,5
26,2084,5
26,4597,5
26,1867,5
26,1874,5
26,4672,5
26,2711,5
26,4372,5
26,1994,5
26,1934,5
26,2563,5
26,2106,5
26,2176,5
26,2062,5
26,2355,5
26,1989,5
26,1686,5
26,1858,5
26,4375,5
26,4366,5
26,2232,5
26,1830,5
26,2143,5
26,1903,5
26,2590,5
26,2475,5
26,2245,5
26,1645,5
26,4636,5
26,4630,5
26,2397,5
26,1636,5
26,4164,5
26,4138,5
26,2705,5
26,2236,5
26,1771,5
26,2399,5
26,4680,5
26,4378,5
26,2424,5
26,1703,5
26,1705,5
26,4460,5
26,4612,5
26,1895,5
26,2042,5
26,4331,5
26,2363,5
26,1671,5
26,2018,5
26,4319,5
26,2268,5
26,4313,5
26,2278,5
26,2443,5
26,1640,5
26,2420,5
26,1777,5
26,2286,5
26,1722,5
26,4426,5
26,2305,5
26,2662,5
26,4651,5
26,1680,5
26,2275,5
26,4307,5
26,2335,5
26,4294,5
26,4153,5
26,2166,5
26,1664,5
26,2030,5
26,4507,5
26,2598,5
26,2630,5
26,2096,5
26,4528,5
26,4421,5
26,2458,5
26,2718,5
26,2079,5
26,4499,5
26,1960,5
26,1707,5
26,2072,5
26,4297,5
26,4268,5
26,1861,5
26,4434,5
26,1947,5
26,2696,5
26,4321,5
26,2394,5
26,2046,5
26,2614,5
26,2341,5
26,4357,5
26,4205,5
26,1974,5
26,2002,5
26,2023,5
26,2439,5
26,4621,5
26,1966,5
26,2151,5
26,1914,5
26,1667,5
26,1684,5
26,2410,5
26,4231,5
26,2504,5
26,2300,5
26,4221,5
26,4570,5
26,4285,5
26,2125,5
26,2101,5
26,2013,5
26,4423,5
26,2560,5
26,2623,5
26,2381,5
26,2190,5
26,2535,5
26,2430,5
26,4328,5
26,1724,5
26,2057,5
26,4348,5
26,1835,5
26,2552,5
26,1733,5
26,4519,5
26,1762,5
26,4586,5
26,2372,5
26,2524,5
26,2225,5
26,4292,5
26,2508,5
26,1754,5
26,4107,5
26,2295,5
26,2068,5
26,2730,5
26,1983,5
26,2678,5
26,4577,5
26,2752,5
26,2348,5
26,1922,5
26,1647,5
26,2137,5
26,1783,5
26,4302,5
26,1766,5
26,4364,5
26,2119,5
26,2773,5
26,4445,5
26,1941,5
26,2647,5
26,4289,5
26,1851,5
26,4187,5
26,2512,5
26,2539,5
26,1910,5
26,2324,5
26,4238,5
26,4369,5
26,2756,5
26,4544,5
26,1846,5
26,4610,5
26,1638,5
26,2375,5
26,4355,5
26,2291,5
26,1728,5
26,1888,5
26,2643,5
26,4351,5
26,4345,5
26,4315,5
26,2577,5
26,2038,5
26,2451,5
26,2249,5
26,2548,5
26,2051,5
27,1826,5
27,4339,5
27,2196,5
27,2163,5
27,2008,5
27,2255,5
27,2132,5
27,4325,5
27,4336,5
27,2216,5
27,2389,5
27,2416,5
27,2089,5
27,2588,5
27,4387,5
27,2206,5
27,2184,5
27,2736,5
27,4342,5
27,2111,5
27,2310,5
27,1815,5
27,2156,5
27,4619,5
27,2490,5
27,1881,5
27,2682,5
27,1927,5
27,2212,5
27,1682,5
27,2316,5
27,4251,5
27,4616,5
27,2084,5
27,4597,5
27,1867,5
27,1874,5
27,4672,5
27,2711,5
27,4372,5
27,1994,5
27,1934,5
27,2563,5
27,2106,5
27,2176,5
27,2062,5
27,2355,5
27,1989,5
27,1686,5
27,1858,5
27,4375,5
27,4366,5
27,2232,5
27,1830,5
27,2143,5
27,1903,5
27,2590,5
27,2475,5
27,2245,5
27,1645,5
27,4636,5
27,4630,5
27,2397,5
27,1636,5
27,4164,5
27,4138,5
27,2705,5
27,2236,5
27,1771,5
27,2399,5
27,4680,5
27,4378,5
27,2424,5
27,1703,5
27,1705,5
27,4460,5
27,4612,5
27,1895,5
27,2042,5
27,4331,5
27,2363,5
27,1671,5
27,2018,5
27,4319,5
27,2268,5
27,4313,5
27,2278,5
27,2443,5
27,1640,5
27,2420,5
27,1777,5
27,2286,5
27,1722,5
27,4426,5
27,2305,5
27,2662,5
27,4651,5
27,1680,5
27,2275,5
27,4307,5
27,2335,5
27,4294,5
27,4153,5
27,2166,5
27,1664,5
27,2030,5
27,4507,5
27,2598,5
27,2630,5
27,2096,5
27,4528,5
27,4421,5
27,2458,5
27,2718,5
27,2079,5
27,4499,5
27,1960,5
27,1707,5
27,2072,5
27,4297,5
27,4268,5
27,1861,5
27,4434,5
27,1947,5
27,2696,5
27,4321,5
27,2394,5
27,2046,5
27,2614,5
27,2341,5
27,4357,5
27,4205,5
27,1974,5
27,2002,5
27,2023,5
27,2439,5
27,4621,5
27,1966,5
27,2151,5
27,1914,5
27,1667,5
27,1684,5
27,2410,5
27,4231,5
27,2504,5
27,2300,5
27,4221,5
27,4570,5
27,4285,5
28,1826,5
28,4339,5
28,2196,5
28,2163,5
28,2008,5
28,2255,5
28,2132,5
28,4325,5
28,4336,5
28,2216,5
28,2389,5
28,2416,5
28,2089,5
28,2588,5
28,4387,5
28,2206,5
28,2184,5
28,2736,5
28,4342,5
28,2111,5
28,2310,5
28,1815,5
28,2156,5
28,4619,5
28,2490,5
28,1881,5
28,2682,5
28,1927,5
28,2212,5
28,1682,5
28,2316,5
28,4251,5
28,4616,5
28,2084,5
28,4597,5
28,1867,5
28,1874,5
28,4672,5
28,2711,5
28,4372,5
28,1994,5
28,1934,5
28,2563,5
28,2106,5
28,2176,5
28,2062,5
28,2355,5
28,1989,5
28,1686,5
28,1858,5
28,4375,5
28,4366,5
28,2232,5
28,1830,5
28,2143,5
28,1903,5
28,2590,5
28,2475,5
28,2245,5
28,1645,5
28,4636,5
28,4630,5
28,2397,5
28,1636,5
28,4164,5
28,4138,5
28,2705,5
28,2236,5
28,1771,5
28,2399,5
28,4680,5
28,4378,5
28,2424,5
28,1703,5
28,1705,5
28,4460,5
28,4612,5
28,1895,5
28,2042,5
28,4331,5
28,2363,5
28,1671,5
28,2018,5
28,4319,5
28,2268,5
28,4313,5
28,2278,5
28,2443,5
28,1640,5
28,2420,5
28,1777,5
28,2286,5
28,1722,5
28,4426,5
28,2305,5
28,2662,5
28,4651,5
28,1680,5
28,2275,5
28,4307,5
28,2335,5
28,4294,5
28,4153,5
28,2166,5
28,1664,5
28,2030,5
28,4507,5
28,2598,5
28,2630,5
28,2096,5
28,4528,5
28,4421,5
28,2458,5
28,2718,5
28,2079,5
28,4499,5
28,1960,5
28,1707,5
28,2072,5
28,4297,5
28,4268,5
28,1861,5
28,4434,5
28,1947,5
28,2696,5
28,4321,5
28,2394,5
28,2046,5
28,2614,5
28,2341,5
28,4357,5
28,4205,5
28,1974,5
28,2002,5
28,2023,5
28,2439,5
28,4621,5
28,1966,5
28,2151,5
28,1914,5
28,1667,5
28,1684,5
28,2410,5
28,4231,5
28,2504,5
28,2300,5
28,4221,5
28,4570,5
28,4285,5
28,2125,5
28,2101,5
28,2013,5
28,4423,5
28,2560,5
28,2623,5
28,2381,5
28,2190,5
28,2535,5
28,2430,5
28,4328,5
28,1724,5
28,2057,5
28,4348,5
28,1835,5
28,2552,5
28,1733,5
28,4519,5
28,1762,5
28,4586,5
28,2372,5
28,2524,5
28,2225,5
28,4292,5
28,2508,5
28,1754,5
28,4107,5
28,2295,5
28,2068,5
28,2730,5
28,1983,5
28,2678,5
28,4577,5
28,2752,5
28,2348,5
28,1922,5
28,1647,5
28,2137,5
28,1783,5
28,4302,5
28,1766,5
28,4364,5
28,2119,5
28,2773,5
28,4445,5
28,1941,5
28,2647,5
28,4289,5
28,1851,5
28,4187,5
28,2512,5
28,2539,5
28,1910,5
28,2324,5
28,4238,5
28,4369,5
28,2756,5
28,4544,5
28,1846,5
28,4610,5
28,1638,5
28,2375,5
28,4355,5
28,2291,5
28,1728,5
28,1888,5
28,2643,5
28,4351,5
28,4345,5
29,1826,5
29,4339,5
29,2196,5
29,2163,5
29,2008,5
29,2255,5
29,2132,5
29,4325,5
29,4336,5
29,2216,5
29,2389,5
29,2416,5
29,2089,5
29,2588,5
29,4387,5
29,2206,5
29,2184,5
29,2736,5
29,4342,5
29,2111,5
29,2310,5
29,1815,5
29,2156,5
29,4619,5
29,2490,5
29,1881,5
29,2682,5
29,1927,5
29,2212,5
29,1682,5
29,2316,5
29,4251,5
29,4616,5
29,2084,5
29,4597,5
29,1867,5
29,1874,5
29,4672,5
29,2711,5
29,4372,5
29,1994,5
29,1934,5
29,2563,5
29,2106,5
29,2176,5
29,2062,5
29,2355,5
29,1989,5
29,1686,5
29,1858,5
29,4375,5
29,4366,5
29,2232,5
29,1830,5
29,2143,5
29,1903,5
29,2590,5
29,2475,5
29,2245,5
29,1645,5
29,4636,5
29,4630,5
29,2397,5
29,1636,5
29,4164,5
29,4138,5
29,2705,5
29,2236,5
29,1771,5
29,2399,5
29,4680,5
29,4378,5
29,2424,5
29,1703,5
29,1705,5
29,4460,5
29,4612,5
29,1895,5
29,2042,5
29,4331,5
29,2363,5
29,1671,5
29,2018,5
29,4319,5
29,2268,5
29,4313,5
29,2278,5
29,2443,5
29,1640,5
29,2420,5
29,1777,5
29,2286,5
29,1722,5
29,4426,5
29,2305,5
29,2662,5
29,4651,5
29,1680,5
29,2275,5
29,4307,5
29,2335,5
29,4294,5
29,4153,5
29,2166,5
29,1664,5
29,2030,5
29,4507,5
29,2598,5
29,2630,5
29,2096,5
29,4528,5
29,4421,5
29,2458,5
29,2718,5
29,2079,5
29,4499,5
29,1960,5
29,1707,5
29,2072,5
29,4297,5
29,4268,5
29,1861,5
29,4434,5
29,1947,5
29,2696,5
29,4321,5
29,2394,5
29,2046,5
29,2614,5
29,2341,5
29,4357,5
29,4205,5
29,1974,5
29,2002,5
29,2023,5
29,2439,5
29,4621,5
29,1966,5
29,2151,5
29,1914,5
29,1667,5
29,1684,5
29,2410,5
29,4231,5
29,2504,5
29,2300,5
29,4221,5
29,4570,5
29,4285,5
29,2125,5
29,2101,5
29,2013,5
29,4423,5
29,2560,5
29,2623,5
29,2381,5
29,2190,5
29,2535,5
29,2430,5
29,4328,5
29,1724,5
29,2057,5
29,4348,5
29,1835,5
29,2552,5
29,1733,5
29,4519,5
29,1762,5
29,4586,5
29,2372,5
29,2524,5
29,2225,5
29,4292,5
29,2508,5
29,1754,5
29,4107,5
29,2295,5
30,1826,5
30,4339,5
30,2196,5
30,2163,5
30,2008,5
30,2255,5
30,2132,5
30,4325,5
30,4336,5
30,2216,5
30,2389,5
30,2416,5
30,2089,5
30,2588,5
30,4387,5
30,2206,5
30,2184,5
30,2736,5
30,4342,5
30,2111,5
30,2310,5
30,1815,5
30,2156,5
30,4619,5
30,2490,5
30,1881,5
30,2682,5
30,1927,5
30,2212,5
30,1682,5
30,2316,5
30,4251,5
30,4616,5
30,2084,5
30,4597,5
30,1867,5
30,1874,5
30,4672,5
30,2711,5
30,4372,5
30,1994,5
30,1934,5
30,2563,5
30,2106,5
30,2176,5
30,2062,5
30,2355,5
30,1989,5
30,1686,5
30,1858,5
30,4375,5
30,4366,5
30,2232,5
30,1830,5
30,2143,5
30,1903,5
30,2590,5
30,2475,5
30,2245,5
30,1645,5
30,4636,5
30,4630,5
30,2397,5
30,1636,5
30,4164,5
30,4138,5
30,2705,5
30,2236,5
30,1771,5
30,2399,5
30,4680,5
30,4378,5
30,2424,5
30,1703,5
30,1705,5
30,4460,5
30,4612,5
30,1895,5
30,2042,5
30,4331,5
30,2363,5
30,1671,5
30,2018,5
30,4319,5
30,2268,5
30,4313,5
30,2278,5
30,2443,5
30,1640,5
30,2420,5
30,1777,5
30,2286,5
30,1722,5
30,4426,5
30,2305,5
30,2662,5
30,4651,5
30,1680,5
30,2275,5
30,4307,5
30,2335,5
30,4294,5
30,4153,5
30,2166,5
30,1664,5
30,2030,5
30,4507,5
30,2598,5
30,2630,5
30,2096,5
30,4528,5
30,4421,5
30,2458,5
30,2718,5
30,2079,5
30,4499,5
30,1960,5
30,1707,5
30,2072,5
30,4297,5
30,4268,5
30,1861,5
30,4434,5
30,1947,5
30,2696,5
30,4321,5
30,2394,5
30,2046,5
30,2614,5
30,2341,5
30,4357,5
30,4205,5
30,1974,5
30,2002,5
30,2023,5
30,2439,5
30,4621,5
30,1966,5
30,2151,5
30,1914,5
30,1667,5
30,1684,5
30,2410,5
30,4231,5
30,2504,5
30,2300,5
30,4221,5
30,4570,5
30,4285,5
30,2125,5
30,2101,5
30,2013,5
30,4423,5
30,2560,5
30,2623,5
30,2381,5
30,2190,5
30,2535,5
30,2430,5
30,4328,5
30,1724,5
30,2057,5
30,4348,5
30,1835,5
30,2552,5
30,1733,5
30,4519,5
30,1762,5
30,4586,5
30,2372,5
30,2524,5
30,2225,5
30,4292,5
30,2508,5
30,1754,5
30,4107,5
30,2295,5
30,2068,5
30,2730,5
30,1983,5
30,2678,5
30,4577,5
30,2752,5
30,2348,5
30,1922,5
30,1647,5
30,2137,5
30,1783,5
30,4302,5
30,1766,5
30,4364,5
30,2119,5
30,2773,5
30,4445,5
30,1941,5
30,2647,5
30,4289,5
30,1851,5
30,4187,5
30,2512,5
30,2539,5
30,1910,5
30,2324,5
30,4238,5
30,4369,5
30,2756,5
30,4544,5
30,1846,5
30,4610,5
30,1638,5
30,2375,5
30,4355,5
30,2291,5
30,1728,5
30,1888,5
30,2643,5
30,4351,5
30,4345,5
30,4315,5
30,2577,5
30,2038,5
30,2451,5
30,2249,5
30,2548,5
