1636
1638
1640
1645
1647
1664
1667
1671
1680
1682
1684
1686
1703
1705
1707
1722
1724
1728
1733
1743
1749
1754
1762
1766
1771
1777
1783
1790
1815
1826
1830
1835
1846
1851
1858
1861
1867
1874
1881
1888
1895
1903
1910
1914
1922
1927
1934
1941
1947
1953
1960
1966
1974
1983
1989
1994
2002
2008
2013
2018
2023
2030
2038
2042
2046
2051
2057
2062
2068
2072
2079
2084
2089
2096
2101
2106
2111
2119
2125
2132
2137
2143
2151
2156
2163
2166
2176
2184
2190
2196
2206
2212
2216
2225
2232
2236
2245
2249
2255
2261
2268
2275
2278
2286
2291
2295
2300
2305
2310
2316
2324
2335
2341
2348
2355
2363
2372
2375
2381
2389
2394
2397
2399
2410
2416
2420
2424
2430
2439
2443
2451
2458
2475
2478
2490
2504
2508
2512
2524
2528
2535
2539
2548
2552
2560
2563
2577
2588
2590
2598
2614
2623
2630
2643
2647
2662
2678
2682
2696
2705
2711
2718
2730
2736
2752
2756
2773
4107
4138
4153
4164
4187
4205
4221
4231
4238
4251
4268
4285
4289
4292
4294
4297
4302
4307
4310
4313
4315
4319
4321
4325
4328
4331
4336
4339
4342
4345
4348
4351
4355
4357
4364
4366
4369
4372
4375
4378
4387
4421
4423
4426
4434
4445
4460
4499
4507
4519
4528
4544
4570
4577
4586
4597
4610
4612
4616
4619
4621
4630
4636
4651
4672
4680
